1 0.30121396054628224 0.9027538726333907 0.048558421851289835 0.027538726333907058
1 0.34597875569044007 0.8881239242685026 0.027314112291350532 0.055077452667814115
1 0.3133535660091047 0.846815834767642 0.051593323216995446 0.029259896729776247
1 0.34446130500758726 0.7452667814113597 0.03338391502276176 0.07228915662650602
1 0.29817905918057663 0.7237521514629949 0.05007587253414264 0.027538726333907058
1 0.2936267071320182 0.3812392426850258 0.028831562974203338 0.055077452667814115
1 0.36874051593323215 0.21256454388984508 0.03490136570561457 0.0757314974182444
1 0.36949924127465855 0.1351118760757315 0.03490136570561457 0.07401032702237521
1 0.6312594840667678 0.41824440619621345 0.05007587253414264 0.029259896729776247
1 0.6342943854324734 0.5335628227194492 0.06828528072837632 0.03270223752151463
1 0.5971168437025797 0.5654044750430293 0.06980273141122914 0.03442340791738382
1 0.7298937784522003 0.9122203098106713 0.048558421851289835 0.025817555938037865
1 0.776176024279211 0.8958691910499139 0.025796661608497723 0.05163511187607573
1 0.7427921092564491 0.8562822719449226 0.048558421851289835 0.029259896729776247
1 0.7746585735963581 0.7590361445783133 0.030349013657056147 0.06884681583476764
1 0.7291350531107739 0.7314974182444062 0.04704097116843703 0.03270223752151463
1 0.7268588770864947 0.39156626506024095 0.027314112291350532 0.05679862306368331
1 0.8034901365705615 0.22117039586919104 0.03338391502276176 0.07056798623063683
1 0.8050075872534143 0.14543889845094665 0.03338391502276176 0.07056798623063683
1 0.1676783004552352 0.5567986230636833 0.057663125948406675 0.03270223752151463
1 0.20561456752655538 0.5232358003442341 0.06676783004552352 0.03442340791738382
1 0.20106221547799696 0.4079173838209983 0.0409711684370258 0.027538726333907058
2 0.1471927162367223 0.8313253012048193 0.07587253414264036 0.14629948364888123
2 0.12215477996965099 0.5998278829604131 0.07890743550834597 0.05163511187607573
2 0.5508345978755691 0.6075731497418244 0.08042488619119878 0.04819277108433735
2 0.5773899848254932 0.8416523235800344 0.0819423368740516 0.14113597246127366
4 0.3095599393019727 0.8003442340791739 0.054628224582701064 0.05163511187607573
4 0.7412746585735963 0.810671256454389 0.057663125948406675 0.055077452667814115
0 0.34597875569044007 0.689328743545611 0.04704097116843703 0.029259896729776247
0 0.295144157814871 0.5490533562822719 0.027314112291350532 0.05679862306368331
0 0.779969650986343 0.697934595524957 0.05007587253414264 0.03098106712564544
0 0.7283763277693475 0.5585197934595525 0.025796661608497723 0.05335628227194492
3 0.29893778452200304 0.6437177280550774 0.054628224582701064 0.11876075731497418
3 0.3960546282245827 0.5516351118760757 0.1426403641881639 0.1514629948364888
3 0.18361153262518967 0.18588640275387264 0.1456752655538695 0.12736660929432014
3 0.6138088012139605 0.19793459552495696 0.15022761760242792 0.11876075731497418
3 0.8300455235204856 0.5619621342512908 0.1456752655538695 0.14974182444061962
3 0.7298937784522003 0.6566265060240963 0.057663125948406675 0.11703958691910499