1 0.30121396054628224 0.0972461273666093 0.048558421851289835 0.027538726333907058
1 0.34597875569044007 0.11187607573149742 0.027314112291350532 0.055077452667814115
1 0.3133535660091047 0.153184165232358 0.051593323216995446 0.029259896729776247
1 0.34446130500758726 0.2547332185886403 0.03338391502276176 0.07228915662650602
1 0.29817905918057663 0.2762478485370052 0.05007587253414264 0.027538726333907058
1 0.2936267071320182 0.6187607573149742 0.028831562974203338 0.055077452667814115
1 0.36874051593323215 0.7874354561101549 0.03490136570561457 0.0757314974182444
1 0.36949924127465855 0.8648881239242685 0.03490136570561457 0.07401032702237521
1 0.6312594840667678 0.5817555938037866 0.05007587253414264 0.029259896729776247
1 0.6342943854324734 0.4664371772805508 0.06828528072837632 0.03270223752151463
1 0.5971168437025797 0.43459552495697074 0.06980273141122914 0.03442340791738382
1 0.7298937784522003 0.08777969018932874 0.048558421851289835 0.025817555938037865
1 0.776176024279211 0.10413080895008606 0.025796661608497723 0.05163511187607573
1 0.7427921092564491 0.14371772805507746 0.048558421851289835 0.029259896729776247
1 0.7746585735963581 0.24096385542168675 0.030349013657056147 0.06884681583476764
1 0.7291350531107739 0.2685025817555938 0.04704097116843703 0.03270223752151463
1 0.7268588770864947 0.608433734939759 0.027314112291350532 0.05679862306368331
1 0.8034901365705615 0.7788296041308089 0.03338391502276176 0.07056798623063683
1 0.8050075872534143 0.8545611015490534 0.03338391502276176 0.07056798623063683
1 0.1676783004552352 0.44320137693631667 0.057663125948406675 0.03270223752151463
1 0.20561456752655538 0.47676419965576594 0.06676783004552352 0.03442340791738382
1 0.20106221547799696 0.5920826161790017 0.0409711684370258 0.027538726333907058
2 0.1471927162367223 0.1686746987951807 0.07587253414264036 0.14629948364888123
2 0.12215477996965099 0.40017211703958694 0.07890743550834597 0.05163511187607573
2 0.5508345978755691 0.3924268502581756 0.08042488619119878 0.04819277108433735
2 0.5773899848254932 0.15834767641996558 0.0819423368740516 0.14113597246127366
4 0.3095599393019727 0.19879518072289157 0.054628224582701064 0.05163511187607573
4 0.7412746585735963 0.18932874354561102 0.057663125948406675 0.055077452667814115
0 0.34597875569044007 0.310671256454389 0.04704097116843703 0.029259896729776247
0 0.295144157814871 0.4509466437177281 0.027314112291350532 0.05679862306368331
0 0.779969650986343 0.30206540447504304 0.05007587253414264 0.03098106712564544
0 0.7283763277693475 0.4414802065404475 0.025796661608497723 0.05335628227194492
3 0.29893778452200304 0.35628227194492257 0.054628224582701064 0.11876075731497418
3 0.3960546282245827 0.4483648881239243 0.1426403641881639 0.1514629948364888
3 0.18361153262518967 0.8141135972461274 0.1456752655538695 0.12736660929432014
3 0.6138088012139605 0.802065404475043 0.15022761760242792 0.11876075731497418
3 0.8300455235204856 0.4380378657487091 0.1456752655538695 0.14974182444061962
3 0.7298937784522003 0.3433734939759036 0.057663125948406675 0.11703958691910499