1 0.9066767830045523 0.49827882960413084 0.04552352048558422 0.06196213425129088
1 0.874051593323217 0.5352839931153184 0.05614567526555387 0.05335628227194492
1 0.8581183611532626 0.4827882960413081 0.04704097116843703 0.06540447504302926
1 0.7647951441578149 0.46471600688468157 0.07132018209408195 0.06884681583476764
1 0.7701062215477997 0.4079173838209983 0.04552352048558422 0.06368330464716007
1 0.5083459787556904 0.23752151462994836 0.05614567526555387 0.055077452667814115
1 0.34218512898330805 0.2306368330464716 0.07587253414264036 0.07056798623063683
1 0.2822458270106222 0.193631669535284 0.07435508345978756 0.07056798623063683
1 0.37329286798179057 0.5903614457831325 0.04704097116843703 0.06368330464716007
1 0.460546282245827 0.6497418244406197 0.057663125948406675 0.08433734939759036
1 0.5030349013657056 0.6282271944922547 0.06069802731411229 0.08605851979345955
1 0.7063732928679818 0.927710843373494 0.04400606980273141 0.060240963855421686
1 0.6714719271623673 0.9655765920826161 0.051593323216995446 0.04991394148020654
1 0.6570561456752656 0.9139414802065404 0.04552352048558422 0.06196213425129088
1 0.5667678300455236 0.8984509466437177 0.06828528072837632 0.06368330464716007
1 0.56752655538695 0.8399311531841652 0.048558421851289835 0.06196213425129088
1 0.30652503793626706 0.6721170395869192 0.057663125948406675 0.055077452667814115
1 0.13808801213960548 0.6660929432013769 0.07132018209408195 0.06712564543889846
1 0.07890743550834597 0.6308089500860585 0.07132018209408195 0.06712564543889846
1 0.704855842185129 0.19793459552495696 0.05311077389984825 0.07228915662650602
1 0.6608497723823976 0.21944922547332185 0.05918057663125948 0.08261617900172118
1 0.5735963581183612 0.15920826161790017 0.0409711684370258 0.05335628227194492
2 0.9256449165402124 0.310671256454389 0.14871016691957512 0.14629948364888123
2 0.7602427921092565 0.1738382099827883 0.07738998482549317 0.10327022375215146
2 0.5584218512898331 0.6024096385542169 0.07587253414264036 0.10327022375215146
2 0.7261001517450683 0.7426850258175559 0.14871016691957512 0.14974182444061962
4 0.8239757207890743 0.4569707401032702 0.06676783004552352 0.07917383820998279
4 0.6229135053110774 0.8898450946643718 0.06980273141122914 0.08433734939759036
0 0.7207890743550834 0.4388984509466437 0.04552352048558422 0.060240963855421686
0 0.637329286798179 0.32013769363166955 0.057663125948406675 0.055077452667814115
0 0.5166919575113809 0.8734939759036144 0.048558421851289835 0.06540447504302926
0 0.4347496206373293 0.7547332185886403 0.05311077389984825 0.05163511187607573
3 0.708649468892261 0.37005163511187605 0.11836115326251896 0.11187607573149742
3 0.590288315629742 0.42168674698795183 0.18664643399089528 0.21514629948364888
3 0.41047040971168436 0.06798623063683305 0.16843702579666162 0.1359724612736661
3 0.2116843702579666 0.4664371772805508 0.1638846737481032 0.20654044750430292
3 0.3877086494688923 0.8571428571428571 0.18664643399089528 0.21686746987951808
3 0.5091047040971168 0.8037865748709122 0.11836115326251896 0.11359724612736662