1 0.38619119878603947 0.9432013769363167 0.05311077389984825 0.039586919104991396
1 0.4271623672230653 0.9173838209982789 0.03793626707132018 0.060240963855421686
1 0.38694992412746587 0.8855421686746988 0.05614567526555387 0.04130808950086059
1 0.3968133535660091 0.7788296041308089 0.04704097116843703 0.07917383820998279
1 0.34749620637329287 0.7693631669535284 0.054628224582701064 0.039586919104991396
1 0.27541729893778455 0.43717728055077454 0.03945371775417299 0.060240963855421686
1 0.3148710166919575 0.25301204819277107 0.048558421851289835 0.08261617900172118
1 0.30045523520485584 0.17814113597246128 0.048558421851289835 0.08089500860585198
1 0.6115326251896813 0.387263339070568 0.054628224582701064 0.04130808950086059
1 0.637329286798179 0.49827882960413084 0.07283763277693475 0.04991394148020654
1 0.6077389984825493 0.5387263339070568 0.07435508345978756 0.05163511187607573
1 0.8057663125948407 0.8433734939759037 0.05311077389984825 0.0378657487091222
1 0.8474962063732928 0.814974182444062 0.03490136570561457 0.05679862306368331
1 0.8072837632776935 0.7848537005163512 0.05311077389984825 0.04130808950086059
1 0.8186646433990895 0.6824440619621343 0.042488619119878605 0.07401032702237521
1 0.7693474962063733 0.6669535283993115 0.051593323216995446 0.043029259896729774
1 0.6995447647951442 0.33648881239242684 0.03793626707132018 0.06196213425129088
1 0.7405159332321699 0.15060240963855423 0.04704097116843703 0.0774526678141136
1 0.7268588770864947 0.076592082616179 0.04704097116843703 0.0774526678141136
1 0.18740515933232169 0.6402753872633391 0.0622154779969651 0.04647160068846816
1 0.21775417298937785 0.5981067125645438 0.07132018209408195 0.04991394148020654
1 0.19044006069802732 0.48623063683304646 0.04552352048558422 0.0378657487091222
2 0.22230652503793627 0.9130808950086059 0.10318664643399089 0.16179001721170397
2 0.15174506828528073 0.693631669535284 0.08649468892261002 0.07056798623063683
2 0.5705614567526556 0.5920826161790017 0.08801213960546282 0.06712564543889846
2 0.6433990895295902 0.8132530120481928 0.10773899848254932 0.15834767641996558
4 0.37405159332321697 0.8416523235800344 0.0637329286798179 0.06368330464716007
4 0.7966616084977238 0.7409638554216867 0.06676783004552352 0.06884681583476764
0 0.3877086494688923 0.7237521514629949 0.051593323216995446 0.04130808950086059
0 0.3103186646433991 0.5998278829604131 0.03793626707132018 0.06196213425129088
0 0.8118361153262519 0.621342512908778 0.054628224582701064 0.043029259896729774
0 0.7344461305007587 0.4991394148020654 0.036418816388467376 0.058519793459552494
3 0.3323216995447648 0.6910499139414802 0.07738998482549317 0.12908777969018934
3 0.40895295902883155 0.576592082616179 0.16843702579666162 0.18416523235800344
3 0.12974203338391502 0.27452667814113596 0.1669195751138088 0.16179001721170397
3 0.5508345978755691 0.1764199655765921 0.16995447647951442 0.1549053356282272
3 0.8338391502276176 0.4759036144578313 0.17147192716236723 0.18244406196213425
3 0.7549317147192717 0.5938037865748709 0.07890743550834597 0.12908777969018934