1 0.5095011876484561 0.8639705882352942 0.07600950118764846 0.0625
1 0.5795724465558195 0.8345588235294118 0.04275534441805225 0.11397058823529412
1 0.5308788598574822 0.7463235294117647 0.07600950118764846 0.06985294117647059
1 0.5795724465558195 0.5349264705882353 0.047505938242280284 0.15808823529411764
1 0.5095011876484561 0.4852941176470588 0.07838479809976247 0.06985294117647059
1 0.30403800475059384 0.13970588235294118 0.09738717339667459 0.0625
1 0.36104513064133015 0.06066176470588235 0.09263657957244656 0.07720588235294118
2 0.2755344418052256 0.71875 0.12589073634204276 0.3014705882352941
2 0.23515439429928742 0.2261029411764706 0.11401425178147269 0.10294117647058823
3 0.5083135391923991 0.3180147058823529 0.08788598574821853 0.25
3 0.661520190023753 0.1323529411764706 0.22565320665083136 0.2647058823529412
0 0.5866983372921615 0.41360294117647056 0.07600950118764846 0.0661764705882353
0 0.5083135391923991 0.11764705882352941 0.04275534441805225 0.11764705882352941
4 0.5285035629453682 0.6507352941176471 0.08076009501187649 0.10661764705882353