1 0.48931116389548696 0.8639705882352942 0.07838479809976247 0.07352941176470588
1 0.5605700712589073 0.84375 0.0498812351543943 0.11764705882352941
1 0.5166270783847982 0.75 0.08076009501187649 0.08088235294117647
1 0.5771971496437055 0.5459558823529411 0.057007125890736345 0.16544117647058823
1 0.5106888361045131 0.48713235294117646 0.0831353919239905 0.08088235294117647
1 0.3254156769596199 0.11397058823529412 0.0997624703087886 0.07720588235294118
1 0.3859857482185273 0.04411764705882353 0.09738717339667459 0.08823529411764706
2 0.26365795724465557 0.6875 0.14251781472684086 0.3161764705882353
2 0.2517814726840855 0.19117647058823528 0.1187648456057007 0.11764705882352941
3 0.5190023752969121 0.31985294117647056 0.1021377672209026 0.2610294117647059
3 0.6817102137767221 0.15625 0.23990498812351543 0.29411764705882354
0 0.5914489311163895 0.4264705882352941 0.07838479809976247 0.07720588235294118
0 0.5296912114014252 0.11948529411764706 0.0498812351543943 0.1213235294117647
4 0.5201900237529691 0.6544117647058824 0.0855106888361045 0.11764705882352941