1 0.7078384798099763 0.6691176470588235 0.07363420427553444 0.1323529411764706
1 0.7268408551068883 0.5606617647058824 0.0855106888361045 0.11397058823529412
1 0.6532066508313539 0.5808823529411765 0.07600950118764846 0.13602941176470587
1 0.5593824228028503 0.4099264705882353 0.11163895486935867 0.14338235294117646
1 0.49643705463182897 0.4797794117647059 0.07838479809976247 0.13970588235294118
1 0.09619952494061758 0.12683823529411764 0.07125890736342043 0.09558823529411764
1 0.2007125890736342 0.5827205882352942 0.0831353919239905 0.16176470588235295
1 0.18527315914489312 0.46691176470588236 0.09026128266033254 0.16176470588235295
1 0.04631828978622328 0.3492647058823529 0.0688836104513064 0.125
2 0.5106888361045131 0.875 0.2327790973871734 0.25
2 0.21377672209026127 0.71875 0.11401425178147269 0.20588235294117646
3 0.4026128266033254 0.39705882352941174 0.1828978622327791 0.2426470588235294
3 0.36223277909738716 0.15808823529411764 0.28741092636579574 0.3161764705882353
0 0.49524940617577196 0.3400735294117647 0.07600950118764846 0.13602941176470587
0 0.28978622327790976 0.2977941176470588 0.08788598574821853 0.11764705882352941
4 0.5985748218527316 0.5367647058823529 0.0997624703087886 0.16176470588235295