1 0.2648456057007126 0.4852941176470588 0.040380047505938245 0.11764705882352941
1 0.2838479809976247 0.37683823529411764 0.07363420427553444 0.0661764705882353
1 0.34085510688836107 0.4522058823529412 0.04513064133016627 0.11764705882352941
1 0.47743467933491684 0.37683823529411764 0.1021377672209026 0.07352941176470588
1 0.5095011876484561 0.4852941176470588 0.04513064133016627 0.1213235294117647
1 0.9703087885985748 0.4889705882352941 0.05938242280285035 0.058823529411764705
1 0.7327790973871734 0.8033088235294118 0.040380047505938245 0.15073529411764705
1 0.7838479809976246 0.7150735294117647 0.0498812351543943 0.14338235294117646
1 0.9418052256532067 0.7205882352941176 0.040380047505938245 0.10661764705882353
2 0.3586698337292161 0.8474264705882353 0.19477434679334918 0.1948529411764706
2 0.6769596199524941 0.9099264705882353 0.0665083135391924 0.17647058823529413
3 0.6175771971496437 0.48713235294117646 0.16152019002375298 0.13602941176470587
3 0.7517814726840855 0.24816176470588236 0.20190023752969122 0.3492647058823529
0 0.5558194774346793 0.36580882352941174 0.04275534441805225 0.11764705882352941
0 0.7470308788598575 0.48713235294117646 0.07600950118764846 0.0661764705882353
4 0.4026128266033254 0.45588235294117646 0.0688836104513064 0.125