1 0.13014705882352942 0.4381443298969072 0.047058823529411764 0.08505154639175258
1 0.1661764705882353 0.39304123711340205 0.051470588235294115 0.08762886597938144
1 0.17352941176470588 0.4729381443298969 0.04852941176470588 0.08762886597938144
1 0.26029411764705884 0.5219072164948454 0.07205882352941176 0.1211340206185567
1 0.24926470588235294 0.6056701030927835 0.04852941176470588 0.08762886597938144
1 0.47794117647058826 0.9188144329896907 0.054411764705882354 0.09278350515463918
1 0.6330882352941176 0.9587628865979382 0.06911764705882353 0.08247422680412371
1 0.6470588235294118 0.44716494845360827 0.05 0.08762886597938144
1 0.5301470588235294 0.35309278350515466 0.057352941176470586 0.10309278350515463
1 0.5735294117647058 0.33505154639175255 0.061764705882352944 0.1134020618556701
1 0.4933823529411765 0.03608247422680412 0.04852941176470588 0.07216494845360824
1 0.7213235294117647 0.3427835051546392 0.051470588235294115 0.08762886597938144
0 0.30073529411764705 0.5708762886597938 0.04852941176470588 0.08762886597938144
0 0.3639705882352941 0.7680412371134021 0.051470588235294115 0.08762886597938144
0 0.5448529411764705 0.015463917525773196 0.045588235294117645 0.030927835051546393
0 0.6095588235294118 0.18814432989690721 0.05588235294117647 0.09536082474226804
4 0.2036764705882353 0.5193298969072165 0.07205882352941176 0.12628865979381443
3 0.3029411764705882 0.6791237113402062 0.11470588235294117 0.1958762886597938
3 0.4227941176470588 0.6353092783505154 0.18676470588235294 0.32989690721649484
3 0.7897058823529411 0.6765463917525774 0.17647058823529413 0.31443298969072164
3 0.5463235294117647 0.09922680412371133 0.11323529411764706 0.19072164948453607
2 0.33088235294117646 0.13015463917525774 0.14411764705882352 0.24742268041237114
2 0.47058823529411764 0.37757731958762886 0.08235294117647059 0.14948453608247422