1 0.6772058823529412 0.9819587628865979 0.025 0.03608247422680412
1 0.7066176470588236 0.9432989690721649 0.045588235294117645 0.04381443298969072
1 0.6698529411764705 0.7976804123711341 0.03235294117647059 0.11855670103092783
1 0.7125 0.7564432989690721 0.047058823529411764 0.041237113402061855
1 0.6926470588235294 0.24871134020618557 0.027941176470588237 0.08505154639175258
1 0.6125 0.030927835051546393 0.033823529411764704 0.061855670103092786
1 0.37941176470588234 0.3440721649484536 0.04264705882352941 0.04896907216494845
1 0.4176470588235294 0.5592783505154639 0.057352941176470586 0.04381443298969072
1 0.38088235294117645 0.5141752577319587 0.06323529411764706 0.04639175257731959
1 0.29926470588235293 0.9948453608247423 0.045588235294117645 0.010309278350515464
1 0.2610294117647059 0.8634020618556701 0.030882352941176472 0.10051546391752578
1 0.3044117647058823 0.8221649484536082 0.047058823529411764 0.041237113402061855
1 0.2852941176470588 0.3170103092783505 0.027941176470588237 0.07731958762886598
0 0.663235294117647 0.7126288659793815 0.045588235294117645 0.041237113402061855
0 0.7044117647058824 0.49742268041237114 0.027941176470588237 0.07731958762886598
0 0.2529411764705882 0.7822164948453608 0.041176470588235294 0.041237113402061855
0 0.29411764705882354 0.5657216494845361 0.027941176470588237 0.08762886597938144
4 0.2977941176470588 0.9381443298969072 0.054411764705882354 0.08505154639175258
4 0.7066176470588236 0.8724226804123711 0.052941176470588235 0.08505154639175258
3 0.7080882352941177 0.6365979381443299 0.058823529411764705 0.17783505154639176
3 0.6088235294117647 0.5103092783505154 0.1411764705882353 0.2190721649484536
3 0.3801470588235294 0.05025773195876289 0.1426470588235294 0.10051546391752578
3 0.29926470588235293 0.7074742268041238 0.057352941176470586 0.17525773195876287
2 0.45588235294117646 0.9304123711340206 0.07941176470588235 0.13917525773195877
2 0.4676470588235294 0.6198453608247423 0.07794117647058824 0.07216494845360824