1 0.6772058823529412 0.01675257731958763 0.025 0.03350515463917526
1 0.7066176470588236 0.05798969072164949 0.045588235294117645 0.04381443298969072
1 0.6698529411764705 0.20231958762886598 0.03235294117647059 0.11855670103092783
1 0.7125 0.24355670103092783 0.047058823529411764 0.041237113402061855
1 0.6926470588235294 0.7512886597938144 0.027941176470588237 0.08505154639175258
1 0.6125 0.9677835051546392 0.033823529411764704 0.06443298969072164
1 0.37941176470588234 0.6559278350515464 0.04264705882352941 0.04896907216494845
1 0.4176470588235294 0.44072164948453607 0.057352941176470586 0.04381443298969072
1 0.38088235294117645 0.48582474226804123 0.06323529411764706 0.04639175257731959
1 0.29926470588235293 0.003865979381443299 0.045588235294117645 0.007731958762886598
1 0.2610294117647059 0.13659793814432988 0.030882352941176472 0.10051546391752578
1 0.3044117647058823 0.17783505154639176 0.047058823529411764 0.041237113402061855
1 0.2852941176470588 0.6829896907216495 0.027941176470588237 0.07731958762886598
0 0.663235294117647 0.28737113402061853 0.045588235294117645 0.041237113402061855
0 0.7044117647058824 0.5025773195876289 0.027941176470588237 0.07731958762886598
0 0.2529411764705882 0.21778350515463918 0.041176470588235294 0.041237113402061855
0 0.29411764705882354 0.43427835051546393 0.027941176470588237 0.08762886597938144
4 0.2977941176470588 0.061855670103092786 0.054411764705882354 0.08505154639175258
4 0.7066176470588236 0.12757731958762886 0.052941176470588235 0.08505154639175258
3 0.7080882352941177 0.3634020618556701 0.058823529411764705 0.17783505154639176
3 0.6088235294117647 0.4896907216494845 0.1411764705882353 0.2190721649484536
3 0.3801470588235294 0.9497422680412371 0.1426470588235294 0.10051546391752578
3 0.29926470588235293 0.2925257731958763 0.057352941176470586 0.17525773195876287
2 0.45588235294117646 0.06958762886597938 0.07941176470588235 0.13917525773195877
2 0.4676470588235294 0.3801546391752577 0.07794117647058824 0.07216494845360824