1 0.20147058823529412 0.8878865979381443 0.023529411764705882 0.07731958762886598
1 0.21102941176470588 0.8118556701030928 0.047058823529411764 0.04381443298969072
1 0.24705882352941178 0.8621134020618557 0.025 0.07989690721649484
1 0.3301470588235294 0.7976804123711341 0.06764705882352941 0.05670103092783505
1 0.3536764705882353 0.8724226804123711 0.023529411764705882 0.08247422680412371
1 0.6433823529411765 0.8376288659793815 0.04852941176470588 0.04896907216494845
1 0.7808823529411765 0.6984536082474226 0.06323529411764706 0.059278350515463915
1 0.8477941176470588 0.6868556701030928 0.06470588235294118 0.059278350515463915
1 0.5889705882352941 0.28865979381443296 0.027941176470588237 0.07474226804123711
1 0.4661764705882353 0.3556701030927835 0.025 0.10051546391752578
1 0.4919117647058823 0.2912371134020619 0.026470588235294117 0.11082474226804123
1 0.16176470588235295 0.1713917525773196 0.023529411764705882 0.07474226804123711
1 0.17205882352941176 0.09536082474226804 0.04411764705882353 0.04639175257731959
1 0.2088235294117647 0.1481958762886598 0.022058823529411766 0.07989690721649484
1 0.2926470588235294 0.08118556701030928 0.057352941176470586 0.05412371134020619
1 0.3161764705882353 0.15721649484536082 0.023529411764705882 0.08247422680412371
1 0.6044117647058823 0.12371134020618557 0.04411764705882353 0.04896907216494845
0 0.3786764705882353 0.7860824742268041 0.023529411764705882 0.07989690721649484
0 0.5014705882352941 0.8582474226804123 0.04411764705882353 0.04896907216494845
0 0.33897058823529413 0.06701030927835051 0.023529411764705882 0.07216494845360824
0 0.4625 0.13917525773195877 0.05 0.04896907216494845
4 0.25 0.14561855670103094 0.04852941176470588 0.09536082474226804
4 0.2875 0.8621134020618557 0.04852941176470588 0.09278350515463918
3 0.42205882352941176 0.8646907216494846 0.10147058823529412 0.10309278350515463
3 0.49411764705882355 0.6907216494845361 0.125 0.24742268041237114
3 0.7823529411764706 0.2912371134020619 0.10882352941176471 0.25
3 0.3816176470588235 0.1481958762886598 0.1 0.10051546391752578
2 0.23308823529411765 0.42396907216494845 0.12205882352941176 0.13917525773195877
2 0.43161764705882355 0.44329896907216493 0.041176470588235294 0.13659793814432988