1 0.4139705882352941 0.10695876288659793 0.057352941176470586 0.13144329896907217
1 0.3654411764705882 0.11469072164948453 0.052941176470588235 0.07216494845360824
1 0.26544117647058824 0.5927835051546392 0.045588235294117645 0.0979381443298969
1 0.2875 0.8466494845360825 0.045588235294117645 0.08247422680412371
1 0.5742647058823529 0.7280927835051546 0.05 0.07474226804123711
1 0.5889705882352941 0.5051546391752577 0.06323529411764706 0.07989690721649484
1 0.611764705882353 0.5721649484536082 0.06911764705882353 0.08762886597938144
1 0.7985294117647059 0.18943298969072164 0.04411764705882353 0.03865979381443299
1 0.8029411764705883 0.3389175257731959 0.051470588235294115 0.1134020618556701
1 0.7536764705882353 0.34536082474226804 0.052941176470588235 0.07216494845360824
1 0.6536764705882353 0.8195876288659794 0.04411764705882353 0.09020618556701031
0 0.4 0.18943298969072164 0.051470588235294115 0.06958762886597938
0 0.3125 0.35695876288659795 0.04411764705882353 0.09020618556701031
0 0.7911764705882353 0.41881443298969073 0.047058823529411764 0.06701030927835051
0 0.7036764705882353 0.586340206185567 0.045588235294117645 0.10051546391752578
4 0.7867647058823529 0.24355670103092783 0.06911764705882353 0.11597938144329897
4 0.39705882352941174 0.03479381443298969 0.06764705882352941 0.06958762886597938
3 0.34191176470588236 0.2268041237113402 0.09558823529411764 0.2036082474226804
3 0.40294117647058825 0.41237113402061853 0.17941176470588235 0.3015463917525773
3 0.5029411764705882 0.9484536082474226 0.15294117647058825 0.10309278350515463
3 0.7316176470588235 0.4536082474226804 0.09264705882352942 0.20103092783505155
2 0.6389705882352941 0.13659793814432988 0.10441176470588236 0.18298969072164947
2 0.5573529411764706 0.41365979381443296 0.08823529411764706 0.1211340206185567