1 0.22390710382513662 0.16239294710327457 0.10939890710382512 0.05312342569269522
1 0.3522950819672131 0.1761712846347607 0.04229508196721316 0.022871536523929502
1 0.30270491803278693 0.27871536523929474 0.02188524590163932 0.042367758186397965
1 0.36579234972677593 0.24141057934508817 0.022622950819672055 0.043047858942065496
1 0.6954644808743169 0.205088161209068 0.04158469945355199 0.025541561712846383
1 0.603551912568306 0.4074811083123426 0.06784153005464477 0.02823677581863975
1 0.5514207650273224 0.42329974811083126 0.03210382513661202 0.06254408060453397
1 0.6779508196721311 0.4952392947103275 0.02699453551912567 0.046397984886649916
1 0.2162568306010929 0.598463476070529 0.10868852459016394 0.056473551637279636
1 0.34827868852459015 0.6098992443324937 0.0430327868852459 0.025541561712846314
1 0.29650273224043716 0.7107556675062973 0.024071038251366125 0.041687657430730364
1 0.35885245901639345 0.6751133501259445 0.026256830601092934 0.04304785894206557
1 0.6885245901639344 0.6334256926952141 0.04521857923497255 0.02823677581863975
1 0.5966393442622951 0.8375062972292192 0.06855191256830594 0.03025188916876572
1 0.5448360655737705 0.8549874055415617 0.02918032786885248 0.0625440806045341
1 0.6721311475409836 0.9276070528967254 0.022622950819672055 0.04639798488664977
4 0.30270491803278693 0.23130982367758185 0.043770491803278716 0.053803526448362685
4 0.29685792349726775 0.6640302267002519 0.042295081967213086 0.050428211586901715
0 0.5809562841530055 0.20408060453400503 0.04595628415300545 0.02758186397984884
0 0.5758469945355191 0.633425692695214 0.04158469945355199 0.024206549118387943
0 0.5689071038251367 0.4717128463476071 0.06855191256830594 0.02758186397984884
0 0.5638251366120219 0.9054156171284634 0.06565573770491796 0.03025188916876572
2 0.3654098360655738 0.864735516372796 0.13275956284153015 0.07261964735516382
2 0.5032786885245901 0.8089420654911839 0.03792349726775955 0.07531486146095712
2 0.3730874316939891 0.4229471032745592 0.13346994535519133 0.0820403022670025
2 0.5112841530054645 0.37589420654911837 0.03792349726775955 0.07531486146095712
3 0.44639344262295083 0.19095717884130983 0.10650273224043721 0.05110831234256925
3 0.4474863387978142 0.24141057934508817 0.10721311475409838 0.048413098236775816
3 0.6050273224043716 0.3066246851385391 0.1466120218579234 0.12103274559193951
3 0.8147267759562842 0.4767506297229219 0.10502732240437142 0.13717884130982363
3 0.44163934426229506 0.6250125944584383 0.10868852459016386 0.05178841309823664
3 0.4419945355191257 0.6774811083123425 0.10650273224043721 0.05178841309823664
3 0.5973770491803279 0.7399999999999999 0.14587431693989067 0.12574307304785884
3 0.8121584699453552 0.9074307304785895 0.10721311475409838 0.14052896725440797