1 0.9667487684729064 0.40884718498659517 0.0665024630541872 0.08847184986595175
1 0.5036945812807881 0.3163538873994638 0.06157635467980296 0.058981233243967826
1 0.5701970443349754 0.4195710455764075 0.0812807881773399 0.07506702412868632
1 0.6219211822660099 0.4249329758713137 0.08374384236453201 0.08042895442359249
1 0.7032019704433498 0.8378016085790885 0.059113300492610835 0.058981233243967826
1 0.6514778325123153 0.8592493297587132 0.06157635467980296 0.07238605898123325
1 0.6551724137931034 0.7975871313672922 0.06157635467980296 0.058981233243967826
1 0.5665024630541872 0.725201072386059 0.07389162561576355 0.09115281501340483
1 0.5960591133004927 0.6702412868632708 0.0665024630541872 0.064343163538874
1 0.23522167487684728 0.26273458445040215 0.07635467980295567 0.0938337801608579
1 0.18842364532019704 0.19302949061662197 0.07142857142857142 0.08847184986595175
1 0.22783251231527094 0.739946380697051 0.08620689655172414 0.08042895442359249
1 0.17364532019704434 0.7332439678284183 0.0812807881773399 0.07506702412868632
1 0.11206896551724138 0.6260053619302949 0.06157635467980296 0.058981233243967826
1 0.4014778325123153 0.3605898123324397 0.05665024630541872 0.06702412868632708
0 0.9285714285714286 0.35656836461126007 0.06403940886699508 0.064343163538874
0 0.5295566502463054 0.675603217158177 0.059113300492610835 0.05630026809651475
0 0.4987684729064039 0.5107238605898123 0.05665024630541872 0.06702412868632708
4 0.6317733990147784 0.7533512064343163 0.08866995073891626 0.09115281501340483
3 0.7967980295566502 0.2640750670241287 0.22413793103448276 0.2359249329758713
3 0.3866995073891626 0.1032171581769437 0.2019704433497537 0.2064343163538874
3 0.5504926108374384 0.5978552278820375 0.12561576354679804 0.15013404825737264
3 0.4014778325123153 0.5764075067024129 0.21921182266009853 0.2359249329758713
3 0.050492610837438424 0.4101876675603217 0.10098522167487685 0.21447721179624665
2 0.4051724137931034 0.9423592493297587 0.16502463054187191 0.11528150134048257
2 0.2955665024630542 0.7426273458445041 0.10344827586206896 0.10187667560321716
2 0.8029556650246306 0.6635388739946381 0.16009852216748768 0.1903485254691689
2 0.687192118226601 0.42761394101876676 0.10591133004926108 0.10455764075067024