1 0.08497536945812807 0.9048257372654156 0.03201970443349754 0.064343163538874
1 0.07758620689655173 0.7426273458445041 0.03940886699507389 0.08310991957104558
1 0.08866995073891626 0.1487935656836461 0.034482758620689655 0.07238605898123325
1 0.08866995073891626 0.06836461126005362 0.03940886699507389 0.0777479892761394
1 0.39285714285714285 0.35656836461126007 0.059113300492610835 0.032171581769437
1 0.39901477832512317 0.4839142091152815 0.07881773399014778 0.040214477211796246
1 0.3620689655172414 0.5227882037533512 0.0812807881773399 0.04289544235924933
1 0.5307881773399015 0.9021447721179625 0.05665024630541872 0.032171581769437
1 0.583743842364532 0.8847184986595175 0.03694581280788178 0.064343163538874
1 0.5455665024630542 0.8378016085790885 0.059113300492610835 0.032171581769437
1 0.5751231527093597 0.7225201072386059 0.04187192118226601 0.08579088471849866
1 0.520935960591133 0.6983914209115282 0.06157635467980296 0.03485254691689008
1 0.5751231527093597 0.1353887399463807 0.04433497536945813 0.08579088471849866
1 0.5714285714285714 0.04825737265415549 0.04187192118226601 0.08310991957104558
1 0.8509852216748769 0.5067024128686327 0.08374384236453201 0.04289544235924933
1 0.8891625615763546 0.4651474530831099 0.07881773399014778 0.040214477211796246
1 0.8768472906403941 0.339142091152815 0.05665024630541872 0.03485254691689008
1 0.4987684729064039 0.32439678284182305 0.034482758620689655 0.058981233243967826
0 0.0812807881773399 0.6742627345844504 0.059113300492610835 0.03753351206434316
0 0.5751231527093597 0.6581769436997319 0.054187192118226604 0.029490616621983913
0 0.5073891625615764 0.5080428954423593 0.034482758620689655 0.058981233243967826
4 0.5394088669950738 0.7882037533512064 0.07142857142857142 0.06166219839142091
3 0.1330049261083744 0.5134048257372654 0.17980295566502463 0.16890080428954424
3 0.3657635467980296 0.11126005361930295 0.16995073891625614 0.13404825737265416
3 0.5147783251231527 0.6099195710455764 0.07635467980295567 0.13404825737265416
3 0.6206896551724138 0.49463806970509383 0.1724137931034483 0.16890080428954424
3 0.8460591133004927 0.0938337801608579 0.1748768472906404 0.14209115281501342
2 0.8472906403940886 0.8176943699731903 0.10098522167487685 0.17158176943699732
2 0.7980295566502463 0.5536193029490617 0.09359605911330049 0.06166219839142091
2 0.35344827586206895 0.8324396782841823 0.09852216748768473 0.16890080428954424
2 0.3103448275862069 0.5683646112600537 0.09359605911330049 0.064343163538874