1 0.0665024630541872 0.1193029490616622 0.029556650246305417 0.06166219839142091
1 0.0665024630541872 0.28150134048257375 0.034482758620689655 0.08042895442359249
1 0.10591133004926108 0.8739946380697051 0.03201970443349754 0.06970509383378017
1 0.10960591133004927 0.9544235924932976 0.03694581280788178 0.07506702412868632
1 0.4002463054187192 0.6487935656836461 0.05665024630541872 0.029490616621983913
1 0.4002463054187192 0.5214477211796247 0.07635467980295567 0.03485254691689008
1 0.3608374384236453 0.48525469168900803 0.07881773399014778 0.03753351206434316
1 0.5110837438423645 0.09651474530831099 0.054187192118226604 0.029490616621983913
1 0.5652709359605911 0.11126005361930295 0.034482758620689655 0.06166219839142091
1 0.5295566502463054 0.15951742627345844 0.05665024630541872 0.029490616621983913
1 0.5640394088669951 0.2734584450402145 0.03694581280788178 0.08310991957104558
1 0.5110837438423645 0.3002680965147453 0.059113300492610835 0.032171581769437
1 0.5923645320197044 0.8592493297587132 0.03940886699507389 0.08310991957104558
1 0.5935960591133005 0.9463806970509383 0.03694581280788178 0.08042895442359249
1 0.8497536945812808 0.47319034852546915 0.0812807881773399 0.03753351206434316
1 0.8903940886699507 0.5120643431635389 0.07635467980295567 0.03485254691689008
1 0.8842364532019704 0.6394101876675603 0.054187192118226604 0.032171581769437
1 0.5073891625615764 0.675603217158177 0.03201970443349754 0.05630026809651475
0 0.07389162561576355 0.34986595174262736 0.05665024630541872 0.03485254691689008
0 0.5677339901477833 0.3378016085790885 0.054187192118226604 0.02680965147453083
0 0.5073891625615764 0.49195710455764075 0.03201970443349754 0.05630026809651475
4 0.5258620689655172 0.21045576407506703 0.06896551724137931 0.058981233243967826
3 0.1330049261083744 0.5080428954423593 0.1724137931034483 0.1581769436997319
3 0.3842364532019704 0.8954423592493298 0.16502463054187191 0.1260053619302949
3 0.5098522167487685 0.38873994638069703 0.06896551724137931 0.13136729222520108
3 0.6206896551724138 0.49865951742627346 0.16502463054187191 0.16085790884718498
3 0.8645320197044335 0.886058981233244 0.16748768472906403 0.13404825737265416
2 0.8312807881773399 0.16353887399463807 0.09359605911330049 0.16621983914209115
2 0.7955665024630542 0.4289544235924933 0.09113300492610837 0.05630026809651475
2 0.3374384236453202 0.1769436997319035 0.09113300492610837 0.16353887399463807
2 0.3078817733990148 0.44235924932975873 0.09113300492610837 0.058981233243967826