1 0.15024630541871922 0.028686327077747986 0.0573152709359606 0.033404825737265414
1 0.29903940886699504 0.028686327077747986 0.07467980295566501 0.03844504021447721
1 0.8438423645320198 0.07058981233243967 0.06426108374384244 0.035281501340482566
1 0.9170935960591132 0.07466487935656836 0.06948275862068974 0.03970509383378017
1 0.636871921182266 0.39134048257372656 0.026625615763546735 0.06050938337801607
1 0.5196305418719211 0.3919839142091153 0.03300492610837433 0.08319034852546925
1 0.48692118226600983 0.3481769436997319 0.03357142857142856 0.08506702412868634
1 0.1288177339901478 0.51171581769437 0.02605911330049261 0.0592493297587132
1 0.1424384236453202 0.5706434316353888 0.056748768472906386 0.037184986595174274
1 0.18672413793103448 0.5318766756032172 0.026059113300492643 0.06050938337801607
1 0.29179802955665024 0.5690616621983914 0.07642857142857147 0.04032171581769443
1 0.3166995073891626 0.5126541554959786 0.030098522167487717 0.06364611260053622
1 0.8302463054187191 0.599946380697051 0.07527093596059099 0.0415817694369973
1 0.9095566502463054 0.6012064343163539 0.07295566502463055 0.039061662198391404
1 0.475615763546798 0.8803753351206434 0.034162561576354694 0.0894906166219839
1 0.5106403940886699 0.9251206434316354 0.032413793103448336 0.0831903485254691
1 0.6276108374384236 0.9184986595174264 0.030098522167487752 0.05986595174262745
1 0.6618719211822661 0.5083914209115281 0.05275862068965507 0.03356568364611255
0 0.3618226600985222 0.035790884718498665 0.03197044334975374 0.06166219839142091
0 0.3516009852216749 0.5737533512064343 0.025566502463054176 0.05938337801608573
0 0.4931527093596059 0.5081233243967829 0.052266009852216674 0.033646112600536224
4 0.23445812807881772 0.5284182305630026 0.054753694581280765 0.0761394101876675
3 0.5079064039408867 0.10013404825737268 0.1446059113300492 0.18876675603217158
3 0.8635714285714287 0.37335120643431635 0.11640394088669949 0.17852546916890086
3 0.3980788177339902 0.5109383378016086 0.12145320197044336 0.07512064343163534
3 0.49871921182266005 0.6320107238605899 0.14766009852216747 0.17876675603217168
3 0.8541871921182266 0.8972386058981233 0.12298029556650233 0.18214477211796232
2 0.19078817733990147 0.8600268096514746 0.15226600985221672 0.10308310991957116
2 0.43475369458128077 0.8218766756032172 0.052463054187192146 0.0985254691689008
2 0.2026600985221675 0.3232171581769437 0.15108374384236453 0.09865951742627349
2 0.4467241379310345 0.29061662198391425 0.053645320197044266 0.09922252010723859