1 0.15024630541871922 0.9718498659517426 0.05665024630541872 0.032171581769437
1 0.29926108374384236 0.9718498659517426 0.07389162561576355 0.03753351206434316
1 0.8435960591133005 0.9289544235924933 0.06403940886699508 0.03485254691689008
1 0.9174876847290641 0.9249329758713136 0.06896551724137931 0.040214477211796246
1 0.6366995073891626 0.6085790884718498 0.027093596059113302 0.06166219839142091
1 0.5197044334975369 0.6085790884718498 0.03201970443349754 0.08310991957104558
1 0.48645320197044334 0.6514745308310992 0.034482758620689655 0.08579088471849866
1 0.12931034482758622 0.4879356568364611 0.027093596059113302 0.058981233243967826
1 0.14285714285714285 0.4289544235924933 0.05665024630541872 0.03753351206434316
1 0.18719211822660098 0.467828418230563 0.027093596059113302 0.06166219839142091
1 0.291871921182266 0.43029490616621985 0.07635467980295567 0.040214477211796246
1 0.31650246305418717 0.4879356568364611 0.029556650246305417 0.064343163538874
1 0.8300492610837439 0.39946380697050937 0.07635467980295567 0.04289544235924933
1 0.9100985221674877 0.39946380697050937 0.07389162561576355 0.040214477211796246
1 0.4753694581280788 0.1193029490616622 0.034482758620689655 0.08847184986595175
1 0.5110837438423645 0.07506702412868632 0.03201970443349754 0.08310991957104558
1 0.6280788177339901 0.08176943699731903 0.029556650246305417 0.058981233243967826
1 0.6613300492610837 0.49195710455764075 0.05172413793103448 0.03485254691689008
0 0.3620689655172414 0.9638069705093834 0.03201970443349754 0.06166219839142091
0 0.3522167487684729 0.4262734584450402 0.024630541871921183 0.058981233243967826
0 0.49261083743842365 0.49195710455764075 0.05172413793103448 0.03485254691689008
4 0.23399014778325122 0.4718498659517426 0.054187192118226604 0.07506702412868632
3 0.5073891625615764 0.8994638069705094 0.14532019704433496 0.1876675603217158
3 0.8633004926108374 0.6260053619302949 0.11576354679802955 0.17962466487935658
3 0.3977832512315271 0.48927613941018766 0.1206896551724138 0.07506702412868632
3 0.4987684729064039 0.36863270777479895 0.1477832512315271 0.17962466487935658
3 0.854679802955665 0.1032171581769437 0.12315270935960591 0.18230563002680966
2 0.19088669950738915 0.13941018766756033 0.15270935960591134 0.10187667560321716
2 0.43472906403940886 0.17828418230563003 0.05172413793103448 0.09919571045576407
2 0.20320197044334976 0.6769436997319035 0.15024630541871922 0.09919571045576407
2 0.44704433497536944 0.7091152815013405 0.054187192118226604 0.09919571045576407