1 0.0665024630541872 0.8806970509383378 0.029556650246305417 0.06166219839142091
1 0.0665024630541872 0.7184986595174263 0.034482758620689655 0.08042895442359249
1 0.10591133004926108 0.1260053619302949 0.03201970443349754 0.06970509383378017
1 0.10960591133004927 0.045576407506702415 0.03694581280788178 0.07506702412868632
1 0.4002463054187192 0.3512064343163539 0.05665024630541872 0.029490616621983913
1 0.4002463054187192 0.4785522788203753 0.07635467980295567 0.03485254691689008
1 0.3608374384236453 0.514745308310992 0.07881773399014778 0.03753351206434316
1 0.5110837438423645 0.903485254691689 0.054187192118226604 0.029490616621983913
1 0.5652709359605911 0.8887399463806971 0.034482758620689655 0.06166219839142091
1 0.5295566502463054 0.8404825737265416 0.05665024630541872 0.029490616621983913
1 0.5640394088669951 0.7265415549597856 0.03694581280788178 0.08310991957104558
1 0.5110837438423645 0.6997319034852547 0.059113300492610835 0.032171581769437
1 0.5923645320197044 0.14075067024128687 0.03940886699507389 0.08310991957104558
1 0.5935960591133005 0.05361930294906166 0.03694581280788178 0.08042895442359249
1 0.8497536945812808 0.5268096514745308 0.0812807881773399 0.03753351206434316
1 0.8903940886699507 0.4879356568364611 0.07635467980295567 0.03485254691689008
1 0.8842364532019704 0.3605898123324397 0.054187192118226604 0.032171581769437
1 0.5073891625615764 0.32439678284182305 0.03201970443349754 0.05630026809651475
0 0.07389162561576355 0.6501340482573726 0.05665024630541872 0.03485254691689008
0 0.5677339901477833 0.6621983914209115 0.054187192118226604 0.02680965147453083
0 0.5073891625615764 0.5080428954423593 0.03201970443349754 0.05630026809651475
4 0.5258620689655172 0.789544235924933 0.06896551724137931 0.058981233243967826
3 0.1330049261083744 0.49195710455764075 0.1724137931034483 0.1581769436997319
3 0.3842364532019704 0.10455764075067024 0.16502463054187191 0.1260053619302949
3 0.5098522167487685 0.6112600536193029 0.06896551724137931 0.13136729222520108
3 0.6206896551724138 0.5013404825737265 0.16502463054187191 0.16085790884718498
3 0.8645320197044335 0.11394101876675604 0.16748768472906403 0.13404825737265416
2 0.8312807881773399 0.8364611260053619 0.09359605911330049 0.16621983914209115
2 0.7955665024630542 0.5710455764075067 0.09113300492610837 0.05630026809651475
2 0.3374384236453202 0.8230563002680965 0.09113300492610837 0.16353887399463807
2 0.3078817733990148 0.5576407506702413 0.09113300492610837 0.058981233243967826