1 0.13387978142076504 0.7544080604534005 0.05737704918032787 0.10075566750629723
1 0.1489071038251366 0.6360201511335013 0.02459016393442623 0.037783375314861464
1 0.25956284153005466 0.681360201511335 0.04644808743169399 0.020151133501259445
1 0.21994535519125682 0.6234256926952141 0.04644808743169399 0.020151133501259445
1 0.18032786885245902 0.3198992443324937 0.0273224043715847 0.037783375314861464
1 0.40027322404371585 0.40428211586901763 0.030054644808743168 0.06297229219143577
1 0.4166666666666667 0.4521410579345088 0.06830601092896176 0.030226700251889168
1 0.49453551912568305 0.336272040302267 0.04918032786885246 0.02518891687657431
1 0.6065573770491803 0.7619647355163728 0.060109289617486336 0.10075566750629723
1 0.6188524590163934 0.6397984886649875 0.0273224043715847 0.04030226700251889
1 0.7281420765027322 0.6876574307304786 0.04644808743169399 0.022670025188916875
1 0.6898907103825137 0.6297229219143576 0.04644808743169399 0.02518891687657431
1 0.644808743169399 0.3261964735516373 0.030054644808743168 0.042821158690176324
1 0.8661202185792349 0.4105793450881612 0.03278688524590164 0.06297229219143577
1 0.8852459016393442 0.45843828715365237 0.06830601092896176 0.027707808564231738
1 0.9644808743169399 0.3413098236775819 0.04918032786885246 0.020151133501259445
4 0.20901639344262296 0.681360201511335 0.05737704918032787 0.04030226700251889
4 0.6775956284153005 0.6876574307304786 0.0546448087431694 0.037783375314861464
0 0.17896174863387979 0.4256926952141058 0.030054644808743168 0.042821158690176324
0 0.644808743169399 0.42947103274559195 0.0273224043715847 0.037783375314861464
0 0.46994535519125685 0.43702770780856426 0.030054644808743168 0.06297229219143577
0 0.9398907103825137 0.44080604534005036 0.03278688524590164 0.060453400503778336
2 0.8961748633879781 0.6246851385390428 0.07923497267759563 0.12342569269521411
2 0.8346994535519126 0.49748110831234255 0.08196721311475409 0.03526448362720403
2 0.4166666666666667 0.6171284634760705 0.09016393442622951 0.12342569269521411
2 0.36475409836065575 0.4899244332493703 0.08196721311475409 0.03526448362720403
3 0.16530054644808742 0.5491183879093199 0.0546448087431694 0.0982367758186398
3 0.21994535519125682 0.5478589420654912 0.05191256830601093 0.0982367758186398
3 0.2896174863387978 0.40302267002518893 0.13114754098360656 0.13602015113350127
3 0.47540983606557374 0.21032745591939547 0.14754098360655737 0.09571788413098237
3 0.6352459016393442 0.5541561712846348 0.05737704918032787 0.10075566750629723
3 0.6926229508196722 0.552896725440806 0.05737704918032787 0.0982367758186398
3 0.7609289617486339 0.4105793450881612 0.1366120218579235 0.13350125944584382
3 0.9330601092896175 0.21032745591939547 0.13387978142076504 0.0982367758186398