1 0.7759562841530054 0.1624685138539043 0.1092896174863388 0.05289672544080604
1 0.6475409836065574 0.17632241813602015 0.040983606557377046 0.022670025188916875
1 0.6967213114754098 0.2783375314861461 0.02185792349726776 0.042821158690176324
1 0.6338797814207651 0.24181360201511334 0.02185792349726776 0.042821158690176324
1 0.3046448087431694 0.2052896725440806 0.040983606557377046 0.02518891687657431
1 0.39617486338797814 0.4080604534005038 0.06830601092896176 0.027707808564231738
1 0.44808743169398907 0.42317380352644834 0.03278688524590164 0.06297229219143577
1 0.3224043715846995 0.49496221662468515 0.0273224043715847 0.04534005037783375
1 0.7841530054644809 0.5982367758186398 0.1092896174863388 0.055415617128463476
1 0.6516393442622951 0.6095717884130982 0.04371584699453552 0.02518891687657431
1 0.703551912568306 0.7103274559193955 0.02459016393442623 0.042821158690176324
1 0.6407103825136612 0.6750629722921915 0.0273224043715847 0.042821158690176324
1 0.3114754098360656 0.6335012594458438 0.04644808743169399 0.027707808564231738
1 0.4030054644808743 0.8375314861460957 0.06830601092896176 0.030226700251889168
1 0.45491803278688525 0.8551637279596978 0.030054644808743168 0.06297229219143577
1 0.32786885245901637 0.9282115869017632 0.02185792349726776 0.04534005037783375
4 0.6967213114754098 0.23173803526448364 0.04371584699453552 0.05289672544080604
4 0.703551912568306 0.663727959697733 0.040983606557377046 0.05037783375314862
0 0.41939890710382516 0.2040302267002519 0.04644808743169399 0.027707808564231738
0 0.42349726775956287 0.6335012594458438 0.040983606557377046 0.02518891687657431
0 0.43169398907103823 0.4722921914357683 0.06830601092896176 0.027707808564231738
0 0.43579234972677594 0.9055415617128464 0.06557377049180328 0.030226700251889168
2 0.6352459016393442 0.8652392947103275 0.13387978142076504 0.07304785894206549
2 0.4972677595628415 0.8085642317380353 0.03825136612021858 0.07556675062972293
2 0.6270491803278688 0.42317380352644834 0.13387978142076504 0.08312342569269521
2 0.4890710382513661 0.37531486146095716 0.03825136612021858 0.07556675062972293
3 0.5532786885245902 0.19143576826196473 0.10655737704918032 0.05037783375314862
3 0.5519125683060109 0.24181360201511334 0.10655737704918032 0.04785894206549118
3 0.3948087431693989 0.3060453400503778 0.14754098360655737 0.12090680100755667
3 0.18579234972677597 0.47732997481108314 0.10382513661202186 0.13602015113350127
3 0.5587431693989071 0.6246851385390428 0.1092896174863388 0.05289672544080604
3 0.5573770491803278 0.6775818639798489 0.10655737704918032 0.05289672544080604
3 0.4030054644808743 0.7405541561712846 0.1448087431693989 0.12594458438287154
3 0.1871584699453552 0.906801007556675 0.10655737704918032 0.14105793450881612