1 0.8069029850746269 0.5606469002695418 0.048507462686567165 0.01752021563342318
1 0.7994402985074627 0.4797843665768194 0.06902985074626866 0.0215633423180593
1 0.8376865671641791 0.4568733153638814 0.0708955223880597 0.0215633423180593
1 0.6921641791044776 0.22506738544474394 0.05037313432835821 0.01752021563342318
1 0.6436567164179104 0.23517520215633422 0.026119402985074626 0.03504043126684636
1 0.6800373134328358 0.2628032345013477 0.05037313432835821 0.018867924528301886
1 0.6473880597014925 0.3308625336927224 0.03171641791044776 0.05121293800539083
1 0.6968283582089553 0.3463611859838275 0.05037313432835821 0.02021563342318059
1 0.7061567164179104 0.5801886792452831 0.024253731343283583 0.03638814016172507
1 0.6305970149253731 0.6994609164420486 0.03171641791044776 0.05256064690026954
1 0.628731343283582 0.7540431266846361 0.03171641791044776 0.05121293800539083
1 0.34794776119402987 0.5633423180592992 0.04664179104477612 0.018867924528301886
1 0.34421641791044777 0.48247978436657685 0.06529850746268656 0.02425876010781671
1 0.38152985074626866 0.4582210242587601 0.06716417910447761 0.022911051212938006
1 0.23694029850746268 0.22574123989218328 0.05037313432835821 0.018867924528301886
1 0.1865671641791045 0.23517520215633422 0.024253731343283583 0.03638814016172507
1 0.22201492537313433 0.2634770889487871 0.05037313432835821 0.018867924528301886
1 0.19029850746268656 0.33221024258760107 0.029850746268656716 0.05256064690026954
1 0.23973880597014927 0.34838274932614555 0.048507462686567165 0.02021563342318059
1 0.24440298507462688 0.5822102425876011 0.026119402985074626 0.03773584905660377
1 0.16324626865671643 0.7055256064690026 0.03171641791044776 0.05256064690026954
1 0.16324626865671643 0.7601078167115903 0.029850746268656716 0.05390835579514825
4 0.6819029850746269 0.2931266846361186 0.05783582089552239 0.03369272237196765
4 0.22574626865671643 0.29380053908355797 0.054104477611940295 0.03504043126684636
3 0.8292910447761194 0.7196765498652291 0.15111940298507462 0.0876010781671159
3 0.6977611940298507 0.40161725067385445 0.05783582089552239 0.08221024258760108
3 0.5932835820895522 0.46900269541778977 0.15485074626865672 0.10107816711590296
3 0.3666044776119403 0.7223719676549866 0.15485074626865672 0.08355795148247978
3 0.23880597014925373 0.4029649595687331 0.054104477611940295 0.08086253369272237
3 0.1333955223880597 0.4716981132075472 0.15298507462686567 0.09838274932614555
0 0.7014925373134329 0.4642857142857143 0.027985074626865673 0.03638814016172507
0 0.6455223880597015 0.3706199460916442 0.048507462686567165 0.018867924528301886
0 0.1865671641791045 0.3719676549865229 0.048507462686567165 0.02021563342318059
0 0.24347014925373134 0.46630727762803237 0.026119402985074626 0.03773584905660377
2 0.8572761194029851 0.2695417789757412 0.08208955223880597 0.09703504043126684
2 0.8861940298507462 0.42857142857142855 0.08022388059701492 0.03234501347708895
2 0.4001865671641791 0.27088948787061995 0.08395522388059702 0.09703504043126684
2 0.4300373134328358 0.4305929919137466 0.08022388059701492 0.03369272237196765