1 0.033582089552238806 0.8207547169811321 0.06716417910447761 0.04043126684636118
1 0.028917910447761194 0.8611859838274932 0.04477611940298507 0.03908355795148248
1 0.31529850746268656 0.9669811320754716 0.054104477611940295 0.03234501347708895
1 0.49720149253731344 0.9696765498652291 0.07649253731343283 0.04043126684636118
1 0.5634328358208955 0.9858490566037735 0.07835820895522388 0.02830188679245283
1 0.4468283582089552 0.7264150943396226 0.04291044776119403 0.03908355795148248
1 0.34794776119402987 0.6873315363881402 0.055970149253731345 0.05390835579514825
1 0.3031716417910448 0.7028301886792453 0.05783582089552239 0.05525606469002695
1 0.07369402985074627 0.5094339622641509 0.04291044776119403 0.04043126684636118
1 0.10727611940298508 0.48180592991913745 0.054104477611940295 0.03234501347708895
1 0.1259328358208955 0.5175202156334232 0.04477611940298507 0.04043126684636118
1 0.22574626865671643 0.5249326145552561 0.07835820895522388 0.04177897574123989
1 0.22388059701492538 0.5640161725067385 0.04664179104477612 0.04177897574123989
1 0.5130597014925373 0.6691374663072777 0.055970149253731345 0.03099730458221024
1 0.6949626865671642 0.6698113207547169 0.08022388059701492 0.0431266846361186
1 0.7639925373134329 0.6913746630727763 0.07835820895522388 0.04177897574123989
1 0.6436567164179104 0.4272237196765499 0.04291044776119403 0.03908355795148248
1 0.5438432835820896 0.3908355795148248 0.05783582089552239 0.05256064690026954
1 0.49720149253731344 0.4049865229110512 0.05783582089552239 0.05390835579514825
1 0.2667910447761194 0.21159029649595687 0.04477611940298507 0.04043126684636118
1 0.3003731343283582 0.18261455525606468 0.055970149253731345 0.03099730458221024
1 0.3208955223880597 0.2183288409703504 0.04477611940298507 0.04043126684636118
1 0.4207089552238806 0.22641509433962265 0.07835820895522388 0.04177897574123989
1 0.4197761194029851 0.26549865229110514 0.04664179104477612 0.04043126684636118
1 0.710820895522388 0.36725067385444743 0.05783582089552239 0.03369272237196765
1 0.9001865671641791 0.3665768194070081 0.08022388059701492 0.0431266846361186
1 0.9636194029850746 0.3888140161725067 0.07276119402985075 0.04177897574123989
1 0.8470149253731343 0.12264150943396226 0.04477611940298507 0.03908355795148248
1 0.7434701492537313 0.0876010781671159 0.05223880597014925 0.04716981132075472
1 0.6958955223880597 0.10579514824797843 0.05037313432835821 0.04582210242587601
4 0.16324626865671643 0.5316711590296496 0.06716417910447761 0.05256064690026954
4 0.3572761194029851 0.23315363881401618 0.06716417910447761 0.04986522911051213
3 0.09421641791044776 0.887466307277628 0.1287313432835821 0.07681940700808626
3 0.22574626865671643 0.8463611859838275 0.1865671641791045 0.13746630727762804
3 0.6361940298507462 0.8086253369272237 0.17350746268656717 0.13611859838274934
3 0.292910447761194 0.5876010781671159 0.12686567164179105 0.07277628032345014
3 0.4216417910447761 0.5478436657681941 0.1921641791044776 0.14420485175202155
3 0.835820895522388 0.5067385444743935 0.16977611940298507 0.13611859838274934
3 0.48880597014925375 0.28773584905660377 0.125 0.07008086253369272
3 0.6194029850746269 0.24797843665768193 0.1884328358208955 0.14150943396226415
3 0.976679104477612 0.20013477088948786 0.04664179104477612 0.1334231805929919
0 0.08115671641791045 0.8369272237196765 0.04291044776119403 0.03908355795148248
0 0.17350746268656717 0.9150943396226415 0.054104477611940295 0.03099730458221024
0 0.37033582089552236 0.616576819407008 0.05783582089552239 0.03369272237196765
0 0.27611940298507465 0.5404312668463612 0.04477611940298507 0.03908355795148248
0 0.47201492537313433 0.24056603773584906 0.04664179104477612 0.04043126684636118
0 0.566231343283582 0.31805929919137466 0.05783582089552239 0.03369272237196765
2 0.06902985074626866 0.6361185983827493 0.13805970149253732 0.09433962264150944
2 0.24720149253731344 0.7223719676549866 0.07462686567164178 0.0660377358490566
2 0.25466417910447764 0.3376010781671159 0.15671641791044777 0.09568733153638814
2 0.44216417910447764 0.42452830188679247 0.07649253731343283 0.0673854447439353
2 0.4552238805970149 0.03840970350404313 0.15671641791044777 0.07681940700808626
2 0.6408582089552238 0.11994609164420485 0.07649253731343283 0.0673854447439353