1 0.8833955223880597 0.03369272237196765 0.022388059701492536 0.03504043126684636
1 0.8694029850746269 0.06873315363881402 0.048507462686567165 0.016172506738544475
1 0.8311567164179104 0.04245283018867924 0.024253731343283583 0.03369272237196765
1 0.7378731343283582 0.06536388140161725 0.0708955223880597 0.02021563342318059
1 0.7154850746268657 0.028975741239892182 0.026119402985074626 0.03504043126684636
1 0.39365671641791045 0.02021563342318059 0.048507462686567165 0.018867924528301886
1 0.22761194029850745 0.07345013477088949 0.0708955223880597 0.02021563342318059
1 0.15298507462686567 0.07277628032345014 0.07276119402985075 0.0215633423180593
1 0.416044776119403 0.2783018867924528 0.024253731343283583 0.03504043126684636
1 0.5279850746268657 0.28369272237196763 0.029850746268656716 0.04986522911051213
1 0.5597014925373134 0.2560646900269542 0.029850746268656716 0.05121293800539083
1 0.8805970149253731 0.3611859838274933 0.024253731343283583 0.03638814016172507
1 0.8666044776119403 0.39622641509433965 0.048507462686567165 0.018867924528301886
1 0.8283582089552238 0.36994609164420483 0.026119402985074626 0.03638814016172507
1 0.7341417910447762 0.3935309973045822 0.0708955223880597 0.022911051212938006
1 0.7126865671641791 0.3578167115902965 0.027985074626865673 0.03638814016172507
1 0.38899253731343286 0.35107816711590295 0.05037313432835821 0.01752021563342318
1 0.22388059701492538 0.4056603773584906 0.07276119402985075 0.022911051212938006
1 0.14832089552238806 0.40700808625336926 0.0708955223880597 0.022911051212938006
1 0.4123134328358209 0.6098382749326146 0.026119402985074626 0.03369272237196765
1 0.5242537313432836 0.612533692722372 0.033582089552238806 0.04716981132075472
1 0.5578358208955224 0.5855795148247979 0.03171641791044776 0.04851752021563342
1 0.8796641791044776 0.6900269541778976 0.026119402985074626 0.03638814016172507
1 0.8666044776119403 0.7264150943396226 0.05037313432835821 0.01752021563342318
1 0.8274253731343284 0.7008086253369272 0.026119402985074626 0.03638814016172507
1 0.7322761194029851 0.7237196765498652 0.07276119402985075 0.0215633423180593
1 0.7098880597014925 0.6880053908355795 0.027985074626865673 0.03504043126684636
1 0.38619402985074625 0.6846361185983828 0.05223880597014925 0.018867924528301886
1 0.21548507462686567 0.7432614555256065 0.07276119402985075 0.022911051212938006
1 0.13992537313432835 0.7432614555256065 0.07462686567164178 0.0215633423180593
1 0.40671641791044777 0.9481132075471698 0.027985074626865673 0.03369272237196765
1 0.5205223880597015 0.9481132075471698 0.029850746268656716 0.04177897574123989
1 0.5531716417910447 0.9171159029649596 0.029850746268656716 0.04043126684636118
4 0.7901119402985075 0.04043126684636118 0.04664179104477612 0.03908355795148248
4 0.7863805970149254 0.36859838274932616 0.04664179104477612 0.04177897574123989
4 0.7854477611940298 0.6981132075471698 0.048507462686567165 0.03908355795148248
3 0.6408582089552238 0.024932614555256066 0.11194029850746269 0.04716981132075472
3 0.5457089552238806 0.10242587601078167 0.13619402985074627 0.10646900269541779
3 0.1958955223880597 0.26212938005390835 0.12126865671641791 0.1091644204851752
3 0.6361940298507462 0.35714285714285715 0.11380597014925373 0.04177897574123989
3 0.542910447761194 0.4326145552560647 0.13992537313432835 0.11185983827493262
3 0.1921641791044776 0.5963611859838275 0.11567164179104478 0.11185983827493262
3 0.6343283582089553 0.6886792452830188 0.11194029850746269 0.03908355795148248
3 0.539179104477612 0.7648247978436657 0.13619402985074627 0.1105121293800539
3 0.1875 0.9353099730458221 0.11567164179104478 0.1078167115902965
0 0.6828358208955224 0.06671159029649595 0.024253731343283583 0.03504043126684636
0 0.5531716417910447 0.02425876010781671 0.04664179104477612 0.018867924528301886
0 0.5494402985074627 0.35444743935309975 0.05037313432835821 0.02021563342318059
0 0.6791044776119403 0.3948787061994609 0.026119402985074626 0.03504043126684636
0 0.6772388059701493 0.7264150943396226 0.027985074626865673 0.03504043126684636
0 0.5466417910447762 0.6853099730458221 0.05223880597014925 0.018867924528301886
2 0.8190298507462687 0.24191374663072776 0.13432835820895522 0.05929919137466307
2 0.5988805970149254 0.2210242587601078 0.04477611940298507 0.057951482479784364
2 0.8171641791044776 0.5721024258760108 0.13432835820895522 0.06064690026954178
2 0.5960820895522388 0.5505390835579514 0.04664179104477612 0.057951482479784364
2 0.8152985074626866 0.9130727762803235 0.13432835820895522 0.05929919137466307
2 0.5942164179104478 0.887466307277628 0.04664179104477612 0.05929919137466307