1 0.19309701492537312 0.4393530997304582 0.048507462686567165 0.01752021563342318
1 0.20055970149253732 0.5202156334231806 0.06902985074626866 0.0215633423180593
1 0.1623134328358209 0.5431266846361186 0.0708955223880597 0.0215633423180593
1 0.30783582089552236 0.7749326145552561 0.05037313432835821 0.01752021563342318
1 0.35634328358208955 0.7648247978436657 0.026119402985074626 0.03504043126684636
1 0.3199626865671642 0.7371967654986523 0.05037313432835821 0.018867924528301886
1 0.35261194029850745 0.6691374663072777 0.03171641791044776 0.05121293800539083
1 0.3031716417910448 0.6536388140161725 0.05037313432835821 0.02021563342318059
1 0.29384328358208955 0.419811320754717 0.024253731343283583 0.03638814016172507
1 0.3694029850746269 0.3005390835579515 0.03171641791044776 0.05256064690026954
1 0.3712686567164179 0.2459568733153639 0.03171641791044776 0.05121293800539083
1 0.6520522388059702 0.4366576819407008 0.04664179104477612 0.018867924528301886
1 0.6557835820895522 0.5175202156334232 0.06529850746268656 0.02425876010781671
1 0.6184701492537313 0.5417789757412399 0.06716417910447761 0.022911051212938006
1 0.7630597014925373 0.7742587601078167 0.05037313432835821 0.018867924528301886
1 0.8134328358208955 0.7648247978436657 0.024253731343283583 0.03638814016172507
1 0.7779850746268657 0.7365229110512129 0.05037313432835821 0.018867924528301886
1 0.8097014925373134 0.6677897574123989 0.029850746268656716 0.05256064690026954
1 0.7602611940298507 0.6516172506738545 0.048507462686567165 0.02021563342318059
1 0.7555970149253731 0.41778975741239893 0.026119402985074626 0.03773584905660377
1 0.8367537313432836 0.2944743935309973 0.03171641791044776 0.05256064690026954
1 0.8367537313432836 0.2398921832884097 0.029850746268656716 0.05390835579514825
4 0.3180970149253731 0.7068733153638814 0.05783582089552239 0.03369272237196765
4 0.7742537313432836 0.706199460916442 0.054104477611940295 0.03504043126684636
3 0.1707089552238806 0.2803234501347709 0.15111940298507462 0.0876010781671159
3 0.30223880597014924 0.5983827493261455 0.05783582089552239 0.08221024258760108
3 0.40671641791044777 0.5309973045822103 0.15485074626865672 0.10107816711590296
3 0.6333955223880597 0.2776280323450135 0.15485074626865672 0.08355795148247978
3 0.7611940298507462 0.5970350404312669 0.054104477611940295 0.08086253369272237
3 0.8666044776119403 0.5283018867924528 0.15298507462686567 0.09838274932614555
0 0.29850746268656714 0.5357142857142857 0.027985074626865673 0.03638814016172507
0 0.35447761194029853 0.6293800539083558 0.048507462686567165 0.018867924528301886
0 0.8134328358208955 0.628032345013477 0.048507462686567165 0.02021563342318059
0 0.7565298507462687 0.5336927223719676 0.026119402985074626 0.03773584905660377
2 0.14272388059701493 0.7304582210242587 0.08208955223880597 0.09703504043126684
2 0.11380597014925373 0.5714285714285714 0.08022388059701492 0.03234501347708895
2 0.5998134328358209 0.72911051212938 0.08395522388059702 0.09703504043126684
2 0.5699626865671642 0.5694070080862533 0.08022388059701492 0.03369272237196765