1 0.20615671641791045 0.4110512129380054 0.05223880597014925 0.03504043126684636
1 0.28171641791044777 0.35107816711590295 0.07276119402985075 0.04716981132075472
1 0.27052238805970147 0.3160377358490566 0.07462686567164178 0.04851752021563342
1 0.5830223880597015 0.19811320754716982 0.054104477611940295 0.03638814016172507
1 0.6128731343283582 0.22708894878706198 0.05037313432835821 0.03908355795148248
1 0.5606343283582089 0.23315363881401618 0.055970149253731345 0.03773584905660377
1 0.5279850746268657 0.30121293800539084 0.06902985074626866 0.05390835579514825
1 0.47574626865671643 0.29110512129380056 0.05783582089552239 0.03773584905660377
1 0.269589552238806 0.4716981132075472 0.05037313432835821 0.03908355795148248
1 0.22667910447761194 0.5990566037735849 0.06902985074626866 0.05525606469002695
1 0.18190298507462688 0.6428571428571429 0.06902985074626866 0.05390835579514825
1 0.566231343283582 0.6172506738544474 0.05223880597014925 0.03504043126684636
1 0.6380597014925373 0.555256064690027 0.07276119402985075 0.04851752021563342
1 0.628731343283582 0.5195417789757413 0.07276119402985075 0.04851752021563342
1 0.941231343283582 0.4009433962264151 0.055970149253731345 0.03773584905660377
1 0.9729477611940298 0.4305929919137466 0.05037313432835821 0.03908355795148248
1 0.9207089552238806 0.43733153638814015 0.055970149253731345 0.03773584905660377
1 0.8871268656716418 0.5053908355795148 0.06902985074626866 0.05525606469002695
1 0.8339552238805971 0.49595687331536387 0.055970149253731345 0.03773584905660377
1 0.6315298507462687 0.6785714285714286 0.05223880597014925 0.04177897574123989
1 0.5904850746268657 0.8119946091644205 0.06902985074626866 0.05525606469002695
1 0.5438432835820896 0.8544474393530997 0.06902985074626866 0.05525606469002695
4 0.5326492537313433 0.2560646900269542 0.07462686567164178 0.05256064690026954
4 0.8917910447761194 0.45956873315363883 0.07276119402985075 0.05121293800539083
3 0.07462686567164178 0.5262803234501348 0.14925373134328357 0.13611859838274934
3 0.4281716417910448 0.33423180592991913 0.11567164179104478 0.09029649595687332
3 0.4533582089552239 0.4339622641509434 0.208955223880597 0.14824797843665768
3 0.416044776119403 0.7345013477088949 0.19402985074626866 0.1347708894878706
3 0.7882462686567164 0.5397574123989218 0.11194029850746269 0.0876010781671159
3 0.8134328358208955 0.6408355795148248 0.20522388059701493 0.14555256064690028
0 0.3712686567164179 0.38207547169811323 0.05223880597014925 0.04177897574123989
0 0.49533582089552236 0.3335579514824798 0.054104477611940295 0.03638814016172507
0 0.8563432835820896 0.5384097035040432 0.055970149253731345 0.03773584905660377
0 0.730410447761194 0.5876010781671159 0.05223880597014925 0.04177897574123989
2 0.41511194029850745 0.1597035040431267 0.14738805970149255 0.11320754716981132
2 0.25652985074626866 0.2722371967654987 0.0914179104477612 0.06064690026954178
2 0.7742537313432836 0.3638814016172507 0.14925373134328357 0.11320754716981132
2 0.6147388059701493 0.47641509433962265 0.0914179104477612 0.06199460916442048