1 0.1256590509666081 0.8489326765188834 0.040421792618629174 0.0722495894909688
1 0.1265377855887522 0.777504105090312 0.03690685413005272 0.07060755336617405
1 0.04481546572934974 0.6157635467980296 0.03163444639718805 0.052545155993431854
1 0.4209138840070299 0.5911330049261084 0.054481546572934976 0.027914614121510674
1 0.4279437609841828 0.4802955665024631 0.0773286467486819 0.03284072249589491
1 0.3884007029876977 0.4482758620689655 0.08260105448154657 0.031198686371100164
1 0.050966608084358524 0.2955665024630542 0.054481546572934976 0.024630541871921183
1 0.10369068541300527 0.27257799671592775 0.03690685413005272 0.07060755336617405
1 0.06766256590509666 0.18144499178981938 0.05799648506151142 0.026272577996715927
1 0.10720562390158173 0.14039408866995073 0.029876977152899824 0.04926108374384237
1 0.056239015817223195 0.12807881773399016 0.05975395430579965 0.029556650246305417
1 0.6133567662565905 0.8530377668308703 0.03866432337434095 0.06732348111658457
1 0.6133567662565905 0.7799671592775042 0.03866432337434095 0.0722495894909688
1 0.5298769771528998 0.6165845648604269 0.033391915641476276 0.052545155993431854
1 0.9068541300527241 0.5927750410509032 0.05975395430579965 0.026272577996715927
1 0.9165202108963093 0.4819376026272578 0.07557117750439367 0.031198686371100164
1 0.8725834797891037 0.4482758620689655 0.08084358523725835 0.03284072249589491
1 0.5342706502636204 0.2955665024630542 0.05272407732864675 0.026272577996715927
1 0.5887521968365553 0.27257799671592775 0.0351493848857645 0.07060755336617405
1 0.554481546572935 0.17898193760262726 0.056239015817223195 0.027914614121510674
1 0.539543057996485 0.12807881773399016 0.056239015817223195 0.027914614121510674
1 0.5905096660808435 0.13957307060755336 0.033391915641476276 0.04926108374384237
3 0.0492091388400703 0.36863711001642036 0.06678383128295255 0.1116584564860427
3 0.15992970123022848 0.46223316912972084 0.1634446397188049 0.13464696223316913
3 0.4024604569420035 0.8070607553366174 0.1616871704745167 0.1116584564860427
3 0.8892794376098418 0.8095238095238095 0.16520210896309315 0.11822660098522167
3 0.648506151142355 0.4614121510673235 0.16520210896309315 0.13957307060755336
3 0.5351493848857645 0.3702791461412151 0.061511423550087874 0.11330049261083744
0 0.10896309314586995 0.3275862068965517 0.056239015817223195 0.027914614121510674
0 0.048330404217926184 0.458128078817734 0.029876977152899824 0.05090311986863711
0 0.5333919156414763 0.45894909688013136 0.033391915641476276 0.05090311986863711
0 0.5940246045694201 0.3275862068965517 0.054481546572934976 0.026272577996715927
4 0.06678383128295255 0.22167487684729065 0.061511423550087874 0.04597701149425287
4 0.5509666080843585 0.22167487684729065 0.0632688927943761 0.05090311986863711
2 0.3664323374340949 0.1896551724137931 0.0913884007029877 0.13957307060755336
2 0.3365553602811951 0.4072249589490969 0.09666080843585237 0.04597701149425287
2 0.8497363796133568 0.18883415435139572 0.08611599297012303 0.13957307060755336
2 0.820738137082601 0.41050903119868637 0.09490333919156414 0.05090311986863711