1 0.3286467486818981 0.03284072249589491 0.08787346221441125 0.06568144499178982
1 0.39718804920913886 0.06486042692939245 0.0843585237258348 0.06239737274220033
1 0.5878734622144113 0.06732348111658457 0.06502636203866433 0.04926108374384237
1 0.44727592267135324 0.39326765188834156 0.050966608084358524 0.05747126436781609
1 0.5509666080843585 0.4482758620689655 0.06502636203866433 0.07881773399014778
1 0.5984182776801406 0.42857142857142855 0.06678383128295255 0.08374384236453201
1 0.8936731107205624 0.21264367816091953 0.04745166959578207 0.05582922824302135
1 0.8927943760984183 0.26683087027914615 0.0843585237258348 0.06239737274220033
1 0.9850615114235501 0.2766830870279146 0.029876977152899824 0.060755336617405585
1 0.9938488576449912 0.32676518883415434 0.012302284710017574 0.04597701149425287
1 0.11072056239015818 0.4400656814449918 0.08084358523725835 0.06239737274220033
1 0.18101933216168717 0.4720853858784893 0.08611599297012303 0.06403940886699508
1 0.37434094903339193 0.47372742200328405 0.06502636203866433 0.05090311986863711
1 0.23198594024604569 0.8013136288998358 0.050966608084358524 0.06239737274220033
1 0.3347978910369069 0.8579638752052545 0.0632688927943761 0.07717569786535304
1 0.3866432337434095 0.8357963875205254 0.06678383128295255 0.08210180623973727
1 0.6818980667838312 0.6182266009852216 0.0492091388400703 0.05582922824302135
1 0.680140597539543 0.674055829228243 0.08260105448154657 0.060755336617405585
1 0.7847100175746925 0.6863711001642037 0.050966608084358524 0.059113300492610835
1 0.8400702987697716 0.6962233169129721 0.050966608084358524 0.059113300492610835
1 0.8066783831282952 0.7339901477832512 0.061511423550087874 0.04926108374384237
3 0.8242530755711776 0.17898193760262726 0.13708260105448156 0.10509031198686371
3 0.6854130052724078 0.23070607553366174 0.20035149384885764 0.19704433497536947
3 0.2478031634446397 0.2832512315270936 0.17750439367311072 0.1839080459770115
3 0.06239015817223199 0.6912972085385879 0.12478031634446397 0.19047619047619047
3 0.4718804920913884 0.6412151067323482 0.20738137082601055 0.20032840722495895
3 0.6089630931458699 0.5862068965517241 0.13532513181019332 0.10180623973727422
0 0.8374340949033392 0.2471264367816092 0.050966608084358524 0.059113300492610835
0 0.7381370826010545 0.138752052545156 0.061511423550087874 0.047619047619047616
0 0.5246045694200352 0.5459770114942529 0.0632688927943761 0.05090311986863711
0 0.624780316344464 0.6543513957307061 0.0492091388400703 0.05747126436781609
4 0.9578207381370826 0.25862068965517243 0.07205623901581722 0.0722495894909688
4 0.7451669595782073 0.6650246305418719 0.0773286467486819 0.0755336617405583
2 0.8567662565905096 0.5238095238095238 0.17398945518453426 0.13793103448275862
2 0.6608084358523726 0.40311986863711 0.08611599297012303 0.10180623973727422
2 0.6458699472759226 0.9302134646962233 0.17223198594024605 0.1330049261083744
2 0.44551845342706503 0.8087027914614121 0.0913884007029877 0.10180623973727422