1 0.9578207381370826 0.25287356321839083 0.0843585237258348 0.05582922824302135
1 0.883128295254833 0.2348111658456486 0.08260105448154657 0.05090311986863711
1 0.7372583479789103 0.11904761904761904 0.0632688927943761 0.042692939244663386
1 0.6151142355008787 0.4523809523809524 0.0421792618629174 0.05582922824302135
1 0.4982425307557118 0.4302134646962233 0.054481546572934976 0.07881773399014778
1 0.47539543057996486 0.38587848932676516 0.054481546572934976 0.08210180623973727
1 0.40509666080843587 0.04187192118226601 0.040421792618629174 0.05582922824302135
1 0.36731107205623903 0.08374384236453201 0.08260105448154657 0.05090311986863711
1 0.28295254833040423 0.027914614121510674 0.0421792618629174 0.05582922824302135
1 0.23022847100175747 0.052545155993431854 0.05799648506151142 0.03940886699507389
1 0.23022847100175747 0.017241379310344827 0.04569420035149385 0.034482758620689655
1 0.835676625659051 0.69376026272578 0.07908611599297012 0.052545155993431854
1 0.7601054481546573 0.6748768472906403 0.0843585237258348 0.054187192118226604
1 0.6124780316344464 0.5574712643678161 0.0632688927943761 0.04433497536945813
1 0.4903339191564148 0.8908045977011494 0.0421792618629174 0.060755336617405585
1 0.37346221441124783 0.8711001642036125 0.050966608084358524 0.0755336617405583
1 0.34973637961335674 0.8226600985221675 0.054481546572934976 0.08210180623973727
1 0.27943760984182775 0.47783251231527096 0.040421792618629174 0.054187192118226604
1 0.24165202108963094 0.5213464696223317 0.08260105448154657 0.04926108374384237
1 0.15377855887521968 0.4663382594417077 0.043936731107205626 0.05747126436781609
1 0.1054481546572935 0.43924466338259444 0.043936731107205626 0.05747126436781609
1 0.10369068541300527 0.4885057471264368 0.05975395430579965 0.042692939244663386
3 0.4806678383128295 0.059113300492610835 0.1335676625659051 0.08866995073891626
3 0.5492091388400703 0.18308702791461412 0.18101933216168717 0.18226600985221675
3 0.8427065026362038 0.4917898193760263 0.15641476274165203 0.17405582922824303
3 0.718804920913884 0.9203612479474549 0.16520210896309315 0.1592775041050903
3 0.421792618629174 0.6239737274220033 0.18629173989455183 0.18555008210180624
3 0.35676625659050965 0.49835796387520526 0.1335676625659051 0.08538587848932677
0 0.4226713532513181 0.10262725779967159 0.043936731107205626 0.05747126436781609
0 0.5738137082601055 0.0812807881773399 0.05975395430579965 0.03940886699507389
0 0.44903339191564146 0.5197044334975369 0.061511423550087874 0.042692939244663386
0 0.29701230228471004 0.5402298850574713 0.040421792618629174 0.05582922824302135
4 0.3242530755711775 0.03694581280788178 0.0632688927943761 0.06732348111658457
4 0.19947275922671354 0.47372742200328405 0.06854130052724078 0.07060755336617405
2 0.21353251318101935 0.2988505747126437 0.1687170474516696 0.11822660098522167
2 0.44639718804920914 0.3284072249589491 0.07205623901581722 0.09852216748768473
2 0.08787346221441125 0.7348111658456487 0.16695957820738136 0.11330049261083744
2 0.3242530755711775 0.7660098522167488 0.0773286467486819 0.09852216748768473