1 0.1265377855887522 0.8497536945812808 0.0773286467486819 0.03776683087027915
1 0.20298769771529 0.8489326765188834 0.07557117750439367 0.034482758620689655
1 0.37609841827768015 0.9252873563218391 0.056239015817223195 0.029556650246305417
1 0.4024604569420035 0.5738916256157636 0.029876977152899824 0.05090311986863711
1 0.5210896309314587 0.5673234811165846 0.0351493848857645 0.0722495894909688
1 0.5553602811950791 0.6042692939244664 0.033391915641476276 0.07717569786535304
1 0.718804920913884 0.9195402298850575 0.026362038664323375 0.05090311986863711
1 0.7434094903339191 0.8702791461412152 0.07557117750439367 0.034482758620689655
1 0.8409490333919156 0.9039408866995073 0.028119507908611598 0.054187192118226604
1 0.8848857644991213 0.8669950738916257 0.05272407732864675 0.027914614121510674
1 0.8980667838312829 0.9146141215106732 0.03163444639718805 0.05582922824302135
1 0.12214411247803164 0.39408866995073893 0.07205623901581722 0.0361247947454844
1 0.20035149384885764 0.39408866995073893 0.0773286467486819 0.0361247947454844
1 0.37521968365553604 0.4720853858784893 0.056239015817223195 0.031198686371100164
1 0.4007029876977153 0.11986863711001643 0.028119507908611598 0.05582922824302135
1 0.5193321616871704 0.11083743842364532 0.033391915641476276 0.07060755336617405
1 0.5553602811950791 0.15188834154351397 0.0351493848857645 0.0755336617405583
1 0.718804920913884 0.46798029556650245 0.028119507908611598 0.04926108374384237
1 0.7434094903339191 0.41707717569786534 0.07557117750439367 0.03284072249589491
1 0.843585237258348 0.4490968801313629 0.029876977152899824 0.052545155993431854
1 0.8980667838312829 0.4630541871921182 0.029876977152899824 0.052545155993431854
1 0.8857644991212654 0.4154351395730706 0.05272407732864675 0.031198686371100164
3 0.640597539543058 0.9211822660098522 0.1195079086115993 0.06239737274220033
3 0.5404217926186292 0.8177339901477833 0.14411247803163443 0.15270935960591134
3 0.17135325131810195 0.5911330049261084 0.1195079086115993 0.1510673234811166
3 0.1687170474516696 0.13628899835796388 0.1265377855887522 0.15435139573070608
3 0.5413005272407733 0.361247947454844 0.14938488576449913 0.15435139573070608
3 0.6388400702987698 0.4671592775041051 0.12126537785588752 0.05747126436781609
0 0.6845342706502636 0.8653530377668309 0.029876977152899824 0.052545155993431854
0 0.5448154657293497 0.9220032840722496 0.054481546572934976 0.027914614121510674
0 0.5439367311072056 0.4688013136288998 0.054481546572934976 0.031198686371100164
0 0.6845342706502636 0.4121510673234811 0.028119507908611598 0.05090311986863711
4 0.7978910369068541 0.9047619047619048 0.0492091388400703 0.05747126436781609
4 0.7978910369068541 0.4523809523809524 0.054481546572934976 0.059113300492610835
2 0.8321616871704746 0.6247947454844006 0.14938488576449913 0.08538587848932677
2 0.5992970123022847 0.6527093596059114 0.0492091388400703 0.090311986863711
2 0.8330404217926186 0.17323481116584566 0.14938488576449913 0.08045977011494253
2 0.5957820738137083 0.20032840722495895 0.054481546572934976 0.08866995073891626