1 0.6189083820662769 0.8477508650519031 0.03313840155945419 0.10380622837370242
1 0.48148148148148145 0.8512110726643599 0.03898635477582846 0.12802768166089964
1 0.4395711500974659 0.773356401384083 0.04093567251461988 0.14186851211072665
1 0.949317738791423 0.2577854671280277 0.08576998050682261 0.0726643598615917
1 0.8596491228070176 0.2560553633217993 0.08382066276803118 0.0726643598615917
1 0.6588693957115009 0.07785467128027682 0.0682261208576998 0.058823529411764705
1 0.2222222222222222 0.1903114186851211 0.08771929824561403 0.0657439446366782
1 0.2524366471734893 0.08131487889273356 0.037037037037037035 0.10726643598615918
1 0.09844054580896686 0.11245674740484429 0.037037037037037035 0.10726643598615918
1 0.04580896686159844 0.18858131487889274 0.0682261208576998 0.058823529411764705
1 0.03313840155945419 0.07958477508650519 0.04093567251461988 0.11418685121107267
3 0.8820662768031189 0.8114186851211073 0.13840155945419103 0.3356401384083045
3 0.4580896686159844 0.31141868512110726 0.17738791423001948 0.33217993079584773
3 0.34502923976608185 0.08304498269896193 0.14814814814814814 0.12802768166089964
0 0.4580896686159844 0.08131487889273356 0.06627680311890838 0.0657439446366782
0 0.29239766081871343 0.20069204152249134 0.037037037037037035 0.10380622837370242
2 0.3888888888888889 0.6660899653979239 0.06432748538011696 0.18339100346020762
2 0.10623781676413255 0.7249134948096886 0.17738791423001948 0.18339100346020762
4 0.15204678362573099 0.10553633217993079 0.06237816764132553 0.1314878892733564