1 0.5569800569800569 0.9731903485254692 0.045584045584045586 0.05361930294906166
1 0.5576923076923077 0.9396782841823056 0.04131054131054131 0.08042895442359249
1 0.5085470085470085 0.8498659517426274 0.03561253561253561 0.06970509383378017
1 0.1346153846153846 0.22117962466487937 0.042735042735042736 0.08310991957104558
1 0.13746438746438747 0.1648793565683646 0.04700854700854701 0.09115281501340483
1 0.0868945868945869 0.08176943699731903 0.029914529914529916 0.05630026809651475
1 0.7193732193732194 0.9691689008042895 0.04843304843304843 0.06166219839142091
1 0.6866096866096866 0.985254691689008 0.03418803418803419 0.029490616621983913
1 0.5413105413105413 0.7466487935656837 0.03561253561253561 0.06702412868632708
1 0.5042735042735043 0.5549597855227882 0.04843304843304843 0.09115281501340483
1 0.47150997150997154 0.4959785522788204 0.04700854700854701 0.08579088471849866
1 0.7044159544159544 0.4718498659517426 0.03133903133903134 0.058981233243967826
1 0.7535612535612536 0.561662198391421 0.038461538461538464 0.07506702412868632
1 0.7514245014245015 0.6219839142091153 0.04131054131054131 0.0777479892761394
1 0.9650997150997151 0.7587131367292225 0.037037037037037035 0.06970509383378017
1 0.98005698005698 0.7050938337801609 0.03418803418803419 0.06166219839142091
1 0.9458689458689459 0.7024128686327078 0.03561253561253561 0.06970509383378017
1 0.9166666666666666 0.599195710455764 0.04700854700854701 0.08579088471849866
1 0.8839031339031339 0.6219839142091153 0.03418803418803419 0.06702412868632708
1 0.7357549857549858 0.37131367292225204 0.03418803418803419 0.06166219839142091
1 0.6958689458689459 0.18230563002680966 0.042735042735042736 0.0777479892761394
1 0.6631054131054132 0.12466487935656836 0.04131054131054131 0.0777479892761394
1 0.3368945868945869 0.3579088471849866 0.03561253561253561 0.06702412868632708
1 0.3525641025641026 0.3109919571045576 0.03418803418803419 0.064343163538874
1 0.31837606837606836 0.30563002680965146 0.03561253561253561 0.06970509383378017
1 0.29273504273504275 0.20509383378016086 0.04700854700854701 0.08579088471849866
1 0.2613960113960114 0.22788203753351208 0.03418803418803419 0.06702412868632708
1 0.5299145299145299 0.00804289544235925 0.03418803418803419 0.0160857908847185
4 0.9252136752136753 0.6715817694369973 0.05128205128205128 0.09651474530831099
4 0.29985754985754987 0.2774798927613941 0.045584045584045586 0.08847184986595175
0 0.6944444444444444 0.9329758713136729 0.03133903133903134 0.06166219839142091
0 0.6118233618233618 0.8739946380697051 0.03418803418803419 0.064343163538874
0 0.2692307692307692 0.1581769436997319 0.03133903133903134 0.058981233243967826
0 0.18945868945868946 0.1032171581769437 0.03418803418803419 0.064343163538874
0 0.8091168091168092 0.4932975871313673 0.03418803418803419 0.064343163538874
0 0.8924501424501424 0.5522788203753352 0.03418803418803419 0.06702412868632708
2 0.23717948717948717 0.44638069705093836 0.09971509971509972 0.18498659517426275
2 0.1274928774928775 0.289544235924933 0.05698005698005698 0.10991957104557641
2 0.43447293447293445 0.07908847184986595 0.09686609686609686 0.1581769436997319
2 0.8653846153846154 0.8418230563002681 0.10113960113960115 0.18498659517426275
2 0.75 0.6890080428954424 0.05555555555555555 0.10723860589812333
3 0.6509971509971509 0.9329758713136729 0.07977207977207977 0.13404825737265416
3 0.6545584045584045 0.7774798927613941 0.1282051282051282 0.24396782841823056
3 0.4066951566951567 0.6943699731903485 0.11823361823361823 0.225201072386059
3 0.8497150997150997 0.5603217158176944 0.07692307692307693 0.14209115281501342
3 0.6011396011396012 0.31769436997319034 0.1168091168091168 0.21983914209115282
3 0.22934472934472935 0.17158176943699732 0.07407407407407407 0.13672922252010725
3 0.2257834757834758 0.06568364611260054 0.13532763532763534 0.13136729222520108