1 0.11125569290826284 0.7353515625 0.06571242680546518 0.01953125
1 0.18022121014964215 0.736328125 0.06701366297983084 0.02099609375
1 0.10377358490566038 0.402587890625 0.06636304489264802 0.02294921875
1 0.17631750162654522 0.404541015625 0.06701366297983084 0.021484375
1 0.10605074821080027 0.056396484375 0.06831489915419649 0.02392578125
1 0.1785946649316851 0.0556640625 0.07026675341574495 0.02490234375
3 0.1236174365647365 0.20556640625 0.12036434612882238 0.115234375
3 0.12426805465191933 0.54931640625 0.11711125569290826 0.10986328125
3 0.13532856213402733 0.8671875 0.10930383864671438 0.0966796875
1 0.7205595315549772 0.8916015625 0.02992843201040989 0.04443359375
1 0.7537410540013012 0.865478515625 0.02992843201040989 0.04443359375
1 0.8565387117761873 0.8701171875 0.0247234873129473 0.0302734375
1 0.41314248536109305 0.789306640625 0.02081977878985036 0.03369140625
1 0.42745608327911516 0.7548828125 0.04554326610279766 0.0185546875
1 0.4651919323357189 0.781005859375 0.02342225113858165 0.03662109375
1 0.5559531554977228 0.759521484375 0.06766428106701367 0.02099609375
1 0.5777488614183475 0.794677734375 0.025374105400130124 0.03369140625
1 0.8880936890045543 0.803466796875 0.04619388418998048 0.01708984375
1 0.7378009108653221 0.5693359375 0.03057905009759271 0.04931640625
1 0.7729342875731945 0.54150390625 0.03057905009759271 0.05029296875
1 0.8851659076122316 0.54736328125 0.0247234873129473 0.03564453125
1 0.41899804814573843 0.4580078125 0.0247234873129473 0.03564453125
1 0.43266102797657774 0.421142578125 0.048145738451528954 0.017578125
1 0.47137280416395577 0.44873046875 0.024072869225764477 0.03662109375
1 0.5676642810670136 0.42578125 0.07026675341574495 0.02001953125
1 0.5888093689004554 0.462890625 0.025374105400130124 0.03466796875
1 0.9150943396226415 0.471923828125 0.0468445022771633 0.0185546875
1 0.7556929082628497 0.219970703125 0.031229668184775537 0.052734375
1 0.791476903057905 0.193359375 0.031229668184775537 0.04638671875
1 0.9040338321405335 0.1982421875 0.0247234873129473 0.03759765625
1 0.4238776837996096 0.10546875 0.025374105400130124 0.03466796875
1 0.4394925178919974 0.0673828125 0.044892648015614836 0.01904296875
1 0.47885491216655823 0.0947265625 0.026024723487312947 0.03662109375
1 0.5787247885491217 0.071044921875 0.07026675341574495 0.021484375
1 0.6011711125569291 0.10791015625 0.024072869225764477 0.03466796875
1 0.9313597918022121 0.120361328125 0.05204944697462589 0.017578125
2 0.4726740403383214 0.90966796875 0.12556929082628496 0.060546875
2 0.6834743005855562 0.925048828125 0.0494469746258946 0.05615234375
4 0.5052049446974626 0.78271484375 0.04619388418998048 0.0390625
4 0.5149642160052049 0.450927734375 0.04749512036434613 0.0390625
4 0.5230969420949902 0.096923828125 0.04554326610279766 0.041015625
3 0.6525699414443722 0.80029296875 0.10605074821080027 0.046875
3 0.7495120364346128 0.72412109375 0.1372804163955758 0.103515625
3 0.6662329212752115 0.46630859375 0.11385816525699415 0.04150390625
3 0.7690305790500976 0.38671875 0.14118412491867274 0.11279296875
3 0.6782693558880937 0.107421875 0.11190631099544568 0.04150390625
3 0.7807417046193884 0.04443359375 0.14508783344176968 0.0888671875
2 0.4869876382563435 0.229736328125 0.13858165256994145 0.0654296875
2 0.7143786597267404 0.2578125 0.044892648015614836 0.06201171875
2 0.4782042940793754 0.584716796875 0.13142485361093037 0.0595703125
2 0.697462589459987 0.60546875 0.04749512036434613 0.056640625
0 0.6115810019518543 0.758544921875 0.025374105400130124 0.03271484375
0 0.736174365647365 0.801025390625 0.0468445022771633 0.01904296875
0 0.6242680546519194 0.424072265625 0.02342225113858165 0.03515625
0 0.7530904359141184 0.4677734375 0.04619388418998048 0.0146484375
0 0.6346779440468445 0.068603515625 0.02081977878985036 0.03369140625
0 0.7690305790500976 0.113525390625 0.0494469746258946 0.0185546875