1 0.41951566951566954 0.9758713136729222 0.04985754985754986 0.04825737265415549
1 0.43304843304843305 0.935656836461126 0.042735042735042736 0.058981233243967826
1 0.41452991452991456 0.8109919571045576 0.037037037037037035 0.05093833780160858
1 0.46937321937321935 0.7520107238605898 0.027065527065527065 0.06702412868632708
1 0.4886039886039886 0.5509383378016086 0.03561253561253561 0.0938337801608579
1 0.47649572649572647 0.47050938337801607 0.03561253561253561 0.08847184986595175
1 0.6844729344729344 0.6689008042895442 0.03133903133903134 0.04289544235924933
1 0.7029914529914529 0.792225201072386 0.04131054131054131 0.05361930294906166
1 0.6851851851851852 0.8418230563002681 0.04415954415954416 0.05630026809651475
1 0.7386039886039886 0.6112600536193029 0.02564102564102564 0.064343163538874
1 0.7542735042735043 0.40884718498659517 0.02849002849002849 0.08579088471849866
1 0.7414529914529915 0.3284182305630027 0.02849002849002849 0.08310991957104558
1 0.396011396011396 0.22386058981233245 0.03561253561253561 0.05093833780160858
1 0.42236467236467234 0.1970509383378016 0.027065527065527065 0.064343163538874
1 0.3945868945868946 0.16085790884718498 0.037037037037037035 0.05093833780160858
1 0.40028490028490027 0.06300268096514745 0.029914529914529916 0.064343163538874
1 0.6631054131054132 0.08176943699731903 0.03561253561253561 0.04825737265415549
1 0.6887464387464387 0.05361930294906166 0.02564102564102564 0.06702412868632708
1 0.6616809116809117 0.022788203753351208 0.03561253561253561 0.045576407506702415
4 0.38603988603988604 0.11796246648793565 0.042735042735042736 0.07238605898123325
0 0.49715099715099714 0.9289544235924933 0.02564102564102564 0.06702412868632708
0 0.7692307692307693 0.7855227882037533 0.02564102564102564 0.06702412868632708
2 0.28703703703703703 0.2064343163538874 0.07834757834757834 0.18230563002680966
2 0.5576923076923077 0.07640750670241286 0.0754985754985755 0.15281501340482573
2 0.665954415954416 0.8994638069705094 0.0584045584045584 0.0777479892761394
3 0.5085470085470085 0.9731903485254692 0.045584045584045586 0.05361930294906166
3 0.5605413105413105 0.886058981233244 0.11823361823361823 0.2064343163538874
3 0.36752136752136755 0.5804289544235925 0.11396011396011396 0.17962466487935658
3 0.7799145299145299 0.8378016085790885 0.042735042735042736 0.064343163538874
3 0.636039886039886 0.43699731903485256 0.10968660968660969 0.18230563002680966