1 0.5009759271307742 0.874755859375 0.06180871828236825 0.05078125
1 0.4564085881587508 0.835205078125 0.06376057254391672 0.05224609375
1 0.8503578399479506 0.669677734375 0.06571242680546518 0.05322265625
1 0.802537410540013 0.628662109375 0.06441119063109954 0.052734375
3 0.9720234222511386 0.5341796875 0.05595315549772284 0.142578125
3 0.6854261548471048 0.750244140625 0.1873780091086532 0.13720703125
3 0.36987638256343525 0.930908203125 0.12687052700065063 0.09912109375
1 0.2550422901756669 0.732666015625 0.048145738451528954 0.033203125
1 0.2817176317501627 0.70263671875 0.048145738451528954 0.0380859375
1 0.23096942094990242 0.697265625 0.052700065061808715 0.03662109375
1 0.19616135328562134 0.630615234375 0.06441119063109954 0.052734375
1 0.14606376057254392 0.64013671875 0.05074821080026025 0.0361328125
1 0.2784645413142485 0.405029296875 0.07026675341574495 0.048828125
1 0.2852960312296682 0.366943359375 0.07156798959011061 0.04931640625
1 0.20852309694209498 0.30517578125 0.052700065061808715 0.03662109375
1 0.5943396226415094 0.520751953125 0.052700065061808715 0.03662109375
1 0.623942745608328 0.48974609375 0.048796356538711776 0.0390625
1 0.5712426805465192 0.484375 0.053350683148991544 0.037109375
1 0.5341574495770982 0.413818359375 0.06506180871828236 0.0537109375
1 0.48243331164606373 0.4248046875 0.05204944697462589 0.03662109375
1 0.26772934287573197 0.240234375 0.048796356538711776 0.0390625
1 0.6291476903057905 0.174560546875 0.0741704619388419 0.05126953125
1 0.6340273259596617 0.136962890625 0.06766428106701367 0.04736328125
1 0.5582303188028627 0.074462890625 0.05465191932335719 0.0380859375
1 0.614508783344177 0.01513671875 0.03708523096942095 0.0302734375
4 0.20396877033181524 0.6748046875 0.06961613532856213 0.0517578125
4 0.5413142485361093 0.46044921875 0.07026675341574495 0.05224609375
3 0.09303838646714378 0.60009765625 0.11515940143135979 0.09130859375
3 0.11093038386467144 0.49560546875 0.19388418998048146 0.14501953125
3 0.43038386467143785 0.3818359375 0.11450878334417697 0.09228515625
3 0.4479505530253741 0.271728515625 0.20559531554977228 0.1533203125
2 0.7878985035783995 0.33740234375 0.15484710474951205 0.1220703125
2 0.6158100195185426 0.22265625 0.09238776837996096 0.0654296875
2 0.4258295380611581 0.56591796875 0.14443721535458687 0.1142578125
2 0.2664281067013663 0.451171875 0.08848405985686401 0.0634765625
0 0.1620039037085231 0.59765625 0.05009759271307743 0.03515625
0 0.039687703318152245 0.5517578125 0.0494469746258946 0.0390625
0 0.5003253090435914 0.379638671875 0.05139882888744307 0.03564453125
0 0.3741054001301236 0.33203125 0.04424202992843201 0.0361328125