1 0.7430058555627846 0.172607421875 0.07091737150292778 0.03662109375
1 0.6785946649316851 0.19091796875 0.07286922576447626 0.0380859375
1 0.9160702667534157 0.47900390625 0.07286922576447626 0.0400390625
1 0.8477553675992192 0.49755859375 0.07286922576447626 0.03857421875
1 0.9905660377358491 0.8212890625 0.018867924528301886 0.04296875
3 0.955757970071568 0.6669921875 0.08848405985686401 0.140625
3 0.8236824983734548 0.3486328125 0.16330513988288875 0.134765625
3 0.6545217957059206 0.05859375 0.14964216005204944 0.1171875
1 0.10019518542615485 0.198974609375 0.05009759271307743 0.0498046875
1 0.0823031880286272 0.232421875 0.05009759271307743 0.0498046875
1 0.4362394274560833 0.207275390625 0.03643461288223813 0.037109375
1 0.4401431359791802 0.2431640625 0.05139882888744307 0.02978515625
1 0.3919973975276513 0.229736328125 0.039687703318152245 0.04052734375
1 0.3184775536759922 0.275146484375 0.07351984385165908 0.03857421875
1 0.2807417046193884 0.24853515625 0.04033832140533507 0.03857421875
1 0.0071567989590110605 0.327392578125 0.014313597918022121 0.02880859375
1 0.24495770982433313 0.502685546875 0.052700065061808715 0.05419921875
1 0.22608978529603124 0.538330078125 0.053350683148991544 0.05517578125
1 0.11938841899804814 0.564453125 0.04098893949251789 0.0400390625
1 0.5959661678594665 0.51611328125 0.04098893949251789 0.0400390625
1 0.6018217306441119 0.55419921875 0.053350683148991544 0.02978515625
1 0.5520494469746259 0.53955078125 0.04033832140533507 0.04052734375
1 0.47430058555627846 0.587890625 0.07482108002602472 0.0380859375
1 0.4362394274560833 0.559326171875 0.04098893949251789 0.0390625
1 0.1291476903057905 0.642822265625 0.052700065061808715 0.0302734375
1 0.40273259596616784 0.83154296875 0.05530253741054001 0.0576171875
1 0.38288874430709174 0.8662109375 0.05204944697462589 0.0517578125
1 0.27586206896551724 0.893310546875 0.04163955757970072 0.0419921875
1 0.7674040338321405 0.844482421875 0.04098893949251789 0.0390625
1 0.7719583604424203 0.884033203125 0.05139882888744307 0.0302734375
1 0.7218607677293428 0.869873046875 0.04229017566688354 0.04150390625
1 0.6411841249186727 0.919921875 0.07612231620039037 0.03955078125
1 0.6018217306441119 0.89208984375 0.039687703318152245 0.0390625
1 0.28952504879635654 0.97314453125 0.057254391672088484 0.03076171875
2 0.32075471698113206 0.112548828125 0.14638906961613532 0.09130859375
2 0.11776187378009109 0.157470703125 0.0741704619388419 0.06591796875
4 0.35393623942745606 0.2392578125 0.062459336369551074 0.04931640625
4 0.5107351984385166 0.5498046875 0.06376057254391672 0.0498046875
4 0.6798959011060507 0.880126953125 0.062459336369551074 0.05078125
3 0.20852309694209498 0.264404296875 0.12166558230318802 0.0732421875
3 0.1567989590110605 0.3623046875 0.1789199739752765 0.134765625
3 0.3627195836044242 0.577880859375 0.1262199089134678 0.0703125
3 0.30709173715029275 0.6806640625 0.1873780091086532 0.14404296875
3 0.5305790500975928 0.9140625 0.12426805465191933 0.06982421875
3 0.466818477553676 0.9697265625 0.1789199739752765 0.060546875
2 0.6470396877033181 0.746826171875 0.16135328562134027 0.099609375
2 0.4222511385816526 0.784912109375 0.07286922576447626 0.0703125
2 0.477878985035784 0.415283203125 0.15159401431359792 0.09228515625
2 0.2641509433962264 0.457763671875 0.07221860767729343 0.06591796875
0 0.2674040338321405 0.291748046875 0.039687703318152245 0.03759765625
0 0.13077423552374756 0.287353515625 0.052700065061808715 0.03076171875
0 0.422576447625244 0.605224609375 0.03903708523096942 0.0390625
0 0.2813923227065712 0.60107421875 0.05009759271307743 0.0263671875
0 0.5904359141184125 0.937744140625 0.03643461288223813 0.037109375
0 0.44339622641509435 0.93408203125 0.05530253741054001 0.03125