1 0.3482905982905983 0.9168900804289544 0.045584045584045586 0.03753351206434316
1 0.3682336182336182 0.8793565683646113 0.038461538461538464 0.040214477211796246
1 0.3696581196581197 0.7506702412868632 0.03276353276353276 0.03485254691689008
1 0.43162393162393164 0.7238605898123325 0.018518518518518517 0.058981233243967826
1 0.48148148148148145 0.5428954423592494 0.024216524216524215 0.08310991957104558
1 0.4821937321937322 0.4584450402144772 0.024216524216524215 0.0777479892761394
1 0.6502849002849003 0.7627345844504021 0.02849002849002849 0.029490616621983913
1 0.6488603988603988 0.8914209115281502 0.037037037037037035 0.03485254691689008
1 0.6239316239316239 0.9289544235924933 0.039886039886039885 0.03485254691689008
1 0.7108262108262108 0.7372654155495979 0.017094017094017096 0.05630026809651475
1 0.7571225071225072 0.5522788203753352 0.017094017094017096 0.08042895442359249
1 0.7571225071225072 0.4691689008042895 0.017094017094017096 0.0777479892761394
1 0.44373219373219375 0.17828418230563003 0.03133903133903134 0.03485254691689008
1 0.47293447293447294 0.1675603217158177 0.018518518518518517 0.05630026809651475
1 0.4515669515669516 0.11796246648793565 0.03276353276353276 0.03485254691689008
1 0.47293447293447294 0.02680965147453083 0.022792022792022793 0.05361930294906166
1 0.7207977207977208 0.1903485254691689 0.03133903133903134 0.032171581769437
1 0.75 0.1769436997319035 0.017094017094017096 0.058981233243967826
1 0.7286324786324786 0.13136729222520108 0.03133903133903134 0.032171581769437
1 0.7478632478632479 0.032171581769437 0.019943019943019943 0.064343163538874
1 0.7193732193732194 0.006702412868632708 0.03133903133903134 0.013404825737265416
4 0.7279202279202279 0.08310991957104558 0.03418803418803419 0.05361930294906166
4 0.45014245014245013 0.07238605898123325 0.03561253561253561 0.05630026809651475
0 0.4309116809116809 0.9088471849865952 0.017094017094017096 0.058981233243967826
0 0.7129629629629629 0.920911528150134 0.017094017094017096 0.058981233243967826
2 0.3148148148148148 0.9624664879356568 0.05128205128205128 0.06166219839142091
2 0.3418803418803419 0.10187667560321716 0.05555555555555555 0.1581769436997319
2 0.6232193732193733 0.11528150134048257 0.05413105413105413 0.1554959785522788
2 0.5968660968660968 0.9731903485254692 0.05270655270655271 0.05093833780160858
3 0.4323361823361823 0.9705093833780161 0.038461538461538464 0.058981233243967826
3 0.49786324786324787 0.9021447721179625 0.09829059829059829 0.1581769436997319
3 0.3611111111111111 0.5040214477211796 0.09829059829059829 0.13136729222520108
3 0.7150997150997151 0.9772117962466488 0.037037037037037035 0.045576407506702415
3 0.6396011396011396 0.514745308310992 0.09259259259259259 0.13672922252010725