1 0.27884615384615385 0.21388739946380697 0.01962962962962959 0.08554959785522788
1 0.2985897435897436 0.251769436997319 0.021866096866096897 0.07340482573726541
1 0.3669088319088319 0.254343163538874 0.017891737891737855 0.06077747989276144
1 0.8683475783475784 0.23447721179624664 0.018903133903133876 0.07908847184986595
1 0.8870512820512821 0.27970509383378017 0.022122507122507084 0.08327077747989277
1 0.9539173789173789 0.2766756032171582 0.015085470085469968 0.051474530831099166
1 0.07223646723646723 0.3694101876675603 0.01628205128205127 0.06032171581769437
1 0.08113960113960114 0.42782841823056306 0.030698005698005695 0.036058981233243935
1 0.10615384615384615 0.38890080428954427 0.015940170940170938 0.06096514745308314
1 0.1644017094017094 0.42831099195710454 0.04324786324786327 0.04530831099195704
1 0.18085470085470082 0.37134048257372654 0.01645299145299145 0.059678284182305606
1 0.3806980056980057 0.3719839142091153 0.031196581196581166 0.034798927613941065
1 0.4771082621082621 0.4650134048257372 0.04357549857549862 0.04595174262734581
1 0.5217948717948718 0.46675603217158174 0.04103988603988596 0.044369973190348556
1 0.3603276353276353 0.783029490616622 0.015598290598290623 0.05284182305630036
1 0.29210826210826213 0.7797050938337802 0.018091168091168074 0.07045576407506696
1 0.27223646723646727 0.73313672922252 0.018304843304843336 0.07436997319034855
1 0.0663105413105413 0.9080428954423592 0.01666666666666667 0.06648793565683633
1 0.0745014245014245 0.9659517426273458 0.03162393162393163 0.030563002680965085
1 0.1002136752136752 0.9233243967828417 0.01666666666666665 0.06327077747989282
1 0.15954415954415954 0.962064343163539 0.044729344729344735 0.04101876675603205
1 0.1752849002849003 0.903485254691689 0.01723646723646723 0.06112600536193017
1 0.3737179487179488 0.8966487935656836 0.030341880341880317 0.03190348525469163
1 0.4725071225071225 0.9843163538873994 0.042735042735042736 0.031367292225201196
1 0.5163105413105413 0.9840482573726542 0.041168091168091135 0.03190348525469163
1 0.6711538461538461 0.39361930294906167 0.0187464387464387 0.05941018766756039
1 0.6768803418803419 0.44932975871313674 0.030185185185185263 0.03565683646112604
1 0.7029202279202279 0.4086595174262735 0.0187464387464387 0.06126005361930301
1 0.7582621082621082 0.4497050938337802 0.042621082621082725 0.042332439678284234
1 0.7734615384615385 0.3923324396782842 0.017364672364672443 0.06126005361930301
1 0.9656410256410256 0.39361930294906167 0.031168091168091324 0.031930294906166286
1 0.8618091168091169 0.7561930294906166 0.016139601139601036 0.0616353887399464
1 0.8805840455840456 0.79828418230563 0.019487179487179578 0.06764075067024133
1 0.9454700854700855 0.7937801608579088 0.018974358974358882 0.059088471849865855
1 0.6642450142450143 0.9148793565683646 0.01766381766381763 0.06032171581769437
1 0.6720085470085471 0.9710455764075067 0.030911680911680978 0.032171581769437
1 0.6958689458689459 0.9305630026809653 0.016524216524216557 0.060053619302949
1 0.7512820512820513 0.9683646112600536 0.04188034188034201 0.03753351206434316
1 0.7667378917378918 0.9132707774798927 0.015811965811965683 0.058176943699732024
1 0.9591880341880342 0.9116621983914209 0.0292022792022792 0.027077747989276202
4 0.1335042735042735 0.38579088471849865 0.02987179487179487 0.06957104557640748
4 0.12685185185185185 0.9210723860589812 0.03180911680911683 0.07715817694369966
4 0.7215527065527065 0.9294101876675603 0.02886039886039885 0.06310991957104548
4 0.727051282051282 0.4057104557640751 0.029330484330484293 0.06747989276139414
0 0.2008119658119658 0.4332707774798928 0.014743589743589776 0.059517426273458414
0 0.2828917378917379 0.37026809651474535 0.03103988603988607 0.03286863270777477
0 0.7929487179487179 0.45495978552278815 0.015940170940171017 0.054718498659517494
0 0.8708119658119657 0.39158176943699735 0.030199430199430263 0.033887399463806936
0 0.7866239316239316 0.9720643431635388 0.017008547008547086 0.052037533512064256
0 0.8645441595441595 0.912117962466488 0.028960113960113856 0.03201072386058996
0 0.2766096866096866 0.9009919571045576 0.03142450142450143 0.03276139410187675
0 0.19408831908831908 0.9650402144772118 0.01695156695156692 0.0604289544235924
2 0.11425925925925925 0.17479892761394103 0.09272079772079772 0.10589812332439678
2 0.25397435897435894 0.150857908847185 0.0333190883190883 0.0970241286863271
2 0.7114814814814815 0.20292225201072386 0.08393162393162387 0.1053083109919571
2 0.8482051282051283 0.1757104557640751 0.031125356125355996 0.09466487935656837
2 0.7042307692307692 0.7315281501340483 0.08230769230769226 0.10112600536193037
2 0.8415099715099715 0.6993833780160859 0.036339031339031325 0.09761394101876666
2 0.10904558404558404 0.719142091152815 0.08685185185185185 0.10222520107238604
2 0.2488746438746439 0.6817158176943701 0.02769230769230769 0.10021447721179631
3 0.22944444444444442 0.37276139410187664 0.07213675213675212 0.07351206434316358
3 0.285997150997151 0.495656836461126 0.08363247863247861 0.1858176943699732
3 0.497948717948718 0.23906166219839142 0.06998575498575497 0.18439678284182306
3 0.22247863247863248 0.9048793565683646 0.07102564102564105 0.06900804289544238
3 0.4918660968660969 0.7628150134048257 0.07267806267806265 0.17407506702412878
3 0.816880341880342 0.3928150134048258 0.06655270655270659 0.07032171581769442
3 0.8796866096866096 0.5120107238605898 0.09252136752136758 0.18418230563002677
3 0.8107834757834758 0.9137801608579088 0.06831908831908837 0.07000000000000003