4 0.7911392405063291 0.25722543352601157 0.05379746835443038 0.11560693641618497
3 0.6265822784810127 0.16473988439306358 0.12974683544303797 0.12138728323699421
3 0.6265822784810127 0.2832369942196532 0.12658227848101267 0.10982658959537572
3 0.4462025316455696 0.43641618497109824 0.17405063291139242 0.2832369942196532
3 0.20411392405063292 0.8208092485549133 0.12658227848101267 0.31213872832369943
1 0.884493670886076 0.09826589595375723 0.12658227848101267 0.12716763005780346
1 0.7357594936708861 0.1329479768786127 0.056962025316455694 0.057803468208092484
1 0.7215189873417721 0.2832369942196532 0.028481012658227847 0.10404624277456648
1 0.7911392405063291 0.3699421965317919 0.03164556962025317 0.09826589595375723
1 0.34177215189873417 0.2023121387283237 0.05379746835443038 0.05202312138728324
1 0.504746835443038 0.7052023121387283 0.03164556962025317 0.15606936416184972
1 0.44462025316455694 0.661849710982659 0.07911392405063292 0.07514450867052024
1 0.35917721518987344 0.8670520231213873 0.028481012658227847 0.10982658959537572
2 0.7120253164556962 0.6936416184971098 0.1550632911392405 0.17341040462427745
2 0.5506329113924051 0.5924855491329479 0.04746835443037975 0.1791907514450867
0 0.4825949367088608 0.8121387283236994 0.07911392405063292 0.06936416184971098
0 0.4699367088607595 0.1994219653179191 0.05063291139240506 0.06358381502890173