4 0.20819620253164559 0.2584393063583815 0.05256329113924046 0.1163005780346821
3 0.37341772151898733 0.16520231213872832 0.1293670886075949 0.12369942196531795
3 0.37316455696202533 0.28427745664739884 0.12683544303797473 0.11260115606936419
3 0.5538291139240507 0.4361271676300578 0.17281645569620258 0.2833526011560694
3 0.7961075949367088 0.8214450867052024 0.1268354430379748 0.31011560693641604
1 0.11569620253164557 0.09763005780346821 0.12781645569620254 0.1246242774566474
1 0.26449367088607595 0.13254335260115607 0.056297468354430356 0.057803468208092484
1 0.2788924050632911 0.28341040462427747 0.029177215189873415 0.10132947976878613
1 0.20819620253164559 0.36901734104046247 0.03082278481012661 0.09982658959537578
1 0.6588924050632912 0.2023121387283237 0.05506329113924043 0.0547976878612717
1 0.49509493670886073 0.7042196531791908 0.032468354430379716 0.15618497109826596
1 0.5555063291139241 0.6606936416184971 0.08015822784810121 0.07358381502890167
1 0.6406012658227849 0.8671676300578035 0.030000000000000058 0.10809248554913288
2 0.2887658227848101 0.6932369942196532 0.15433544303797472 0.17433526011560707
2 0.4497784810126582 0.5923699421965318 0.04670886075949364 0.18173410404624277
0 0.5174050632911392 0.8131791907514452 0.07958860759493663 0.06710982658959545
0 0.5293987341772152 0.19965317919075143 0.050854430379746816 0.061271676300578004