1 0.1112504879635654 0.26473828125000004 0.06572283669486013 0.01960937500000004
1 0.18013793103448278 0.26355078125000003 0.06730513988288873 0.020800781249999956
1 0.10372934287573196 0.5975234375 0.06651398828887445 0.02317578124999997
1 0.17618217306441122 0.59544140625 0.06730513988288873 0.021394531249999904
1 0.10610279765777489 0.9436757812500001 0.06809629147690309 0.02376953124999992
1 0.17855562784645412 0.94426953125 0.070469746258946 0.02495703125000004
3 0.12352374756018217 0.7945156250000001 0.1203591411841249 0.11528515624999991
3 0.12431489915419648 0.45074218750000006 0.1171893298633702 0.10993750000000002
3 0.13540143135979177 0.13281640625 0.1092726089785296 0.09686328124999999
1 0.7205569290826284 0.108453125 0.03008978529603126 0.044570312500000014
1 0.7538165256994145 0.13459765625 0.03008978529603126 0.04457031249999999
1 0.8564788549121667 0.12992187500000002 0.02472869225764464 0.030281249999999982
1 0.41327260897852963 0.2107578125 0.020824983734547844 0.033703125
1 0.4275914118412492 0.24519531250000004 0.04555888093688997 0.01855859375000002
1 0.4653376707872479 0.2190625 0.02342745608327914 0.0366328125
1 0.5557996096291477 0.24055468750000003 0.06768510084580347 0.021003906250000037
1 0.5776031229668185 0.20538671875 0.025384515289525098 0.033703125
1 0.8880468445022772 0.19659375 0.046209499024072793 0.01709375000000002
1 0.7377072218607678 0.43055468750000003 0.03058945998698769 0.049332031249999964
1 0.7728510084580352 0.45839453125 0.03058945998698769 0.050308593749999964
1 0.8851164606376057 0.45253515625 0.02472869225764464 0.035656250000000056
1 0.4191281717631751 0.54191796875 0.024728692257644787 0.035656249999999945
1 0.43279635653871185 0.5787929687500001 0.04816135328562127 0.017582031249999908
1 0.4715211450878335 0.5511953125 0.024078074170461965 0.036632812499999945
1 0.5675159401431359 0.57415234375 0.07028757319453476 0.020027343750000037
1 0.588668835393624 0.53703125 0.025384515289525098 0.034679687499999945
1 0.9150553025374106 0.52799609375 0.04686011711125562 0.018558593749999908
1 0.7556018217306442 0.78002734375 0.03124007807417051 0.052750000000000075
1 0.7913962264150943 0.8066484375 0.03124007807417051 0.046402343750000075
1 0.9039895901106051 0.8017617187500001 0.02472869225764464 0.037609374999999945
1 0.424010409889395 0.8945664062500001 0.025384515289525098 0.034679687499999945
1 0.4396304489264801 0.9326640625 0.04490826284970715 0.019050781250000037
1 0.47900585556278463 0.9053125 0.026035133376707924 0.036632812499999945
1 0.5785816525699414 0.9289999999999999 0.07028757319453476 0.021492187500000037
1 0.6010305790500977 0.8921250000000001 0.024078074170461965 0.034679687499999945
1 0.9313259596616786 0.87966796875 0.052065061808718206 0.017582031249999908
2 0.4728223812621991 0.090359375 0.12561093038386473 0.06056640625000001
2 0.6833623942745609 0.07497265625 0.04946258945998691 0.05616796874999999
4 0.5053636955107352 0.21735156249999998 0.046209499024072946 0.03907421875
4 0.5151229668184776 0.549 0.04751073519843859 0.039074218749999945
4 0.5232582953806116 0.90311328125 0.04555888093688997 0.041027343749999945
3 0.6524502277163305 0.19976953125000002 0.10608197787898518 0.04689062500000002
3 0.7494183474300585 0.27596484375 0.13732205595315541 0.10354687500000004
3 0.6661132075471698 0.53361328125 0.1138945998698764 0.041515624999999945
3 0.7689472999349383 0.6132265625 0.14122576447625235 0.11282812500000006
3 0.6781574495770983 0.8926132812500001 0.11194274560832794 0.041515624999999945
3 0.780658425504229 0.95546484375 0.1451346779440469 0.08907031250000008
2 0.4871411841249187 0.7702578125 0.1386232921275212 0.06544921874999998
2 0.7142745608327911 0.74217578125 0.04490826284970715 0.06203124999999998
2 0.4783552374756018 0.41516796875 0.13146649316851014 0.05958984374999998
2 0.6973532856213404 0.39465234375 0.047510735198438445 0.05666015624999998
0 0.6116903057905011 0.2414765625 0.025139882888744372 0.032519531249999956
0 0.7363279115159402 0.19892187500000003 0.046537410540012876 0.018867187499999993
0 0.6242602472348731 0.575890625 0.023536759921925783 0.0349257812499999
0 0.7531763175016266 0.53212890625 0.046001301236174484 0.01485546874999999
0 0.6346909564085882 0.93137890625 0.02086141834743011 0.03372265624999993
0 0.7689577098243331 0.88641796875 0.04974886141834739 0.018468750000000034