1 0.186402081977879 0.208251953125 0.026024723487312947 0.04931640625
1 0.18510084580351333 0.260009765625 0.02797657774886142 0.05029296875
1 0.6297983083929733 0.20263671875 0.03057905009759271 0.0498046875
1 0.627195836044242 0.257080078125 0.028627195836044242 0.05029296875
3 0.8923227065712427 0.217529296875 0.15354586857514638 0.09033203125
3 0.4342875731945348 0.218017578125 0.14638906961613532 0.087890625
3 0.03741054001301236 0.22607421875 0.07482108002602472 0.08203125
1 0.02114508783344177 0.6904296875 0.04229017566688354 0.0224609375
1 0.013337670787247886 0.767578125 0.026675341574495772 0.0185546875
1 0.11450878334417697 0.434814453125 0.044892648015614836 0.015625
1 0.16037735849056603 0.445556640625 0.0247234873129473 0.0341796875
1 0.12556929082628496 0.473876953125 0.048796356538711776 0.017578125
1 0.1541964866623292 0.5419921875 0.02797657774886142 0.05078125
1 0.10735198438516591 0.558349609375 0.044892648015614836 0.01904296875
1 0.09564085881587508 0.791259765625 0.02277163305139883 0.03466796875
1 0.407612231620039 0.678466796875 0.06571242680546518 0.02294921875
1 0.44469746258945997 0.704833984375 0.06701366297983084 0.02294921875
1 0.4368900455432661 0.7890625 0.04749512036434613 0.0185546875
1 0.5559531554977228 0.439208984375 0.04749512036434613 0.0185546875
1 0.605074821080026 0.449462890625 0.02342225113858165 0.0361328125
1 0.5683148991541965 0.478515625 0.048796356538711776 0.01806640625
1 0.5988939492517892 0.55078125 0.026675341574495772 0.052734375
1 0.5494469746258946 0.566650390625 0.04619388418998048 0.01904296875
1 0.5374105400130124 0.8115234375 0.0247234873129473 0.03515625
1 0.8731294729993494 0.69189453125 0.07026675341574495 0.0234375
1 0.9085881587508132 0.71875 0.06180871828236825 0.0234375
1 0.902081977878985 0.80322265625 0.05009759271307743 0.0185546875
1 0.9970722186076773 0.82373046875 0.005855562784645413 0.0390625
4 0.12329212752114509 0.50390625 0.05204944697462589 0.03466796875
4 0.5653871177618738 0.51123046875 0.05204944697462589 0.03564453125
3 0.09986987638256344 0.614501953125 0.062459336369551074 0.07958984375
3 0.20136629798308392 0.687255859375 0.13793103448275862 0.10302734375
3 0.5448926480156149 0.624755859375 0.05530253741054001 0.08544921875
3 0.6509433962264151 0.701904296875 0.15029277813923228 0.10595703125
2 0.8601171112556929 0.490234375 0.08718282368249837 0.10400390625
2 0.8227065712426805 0.660888671875 0.0826284970722186 0.03369140625
2 0.3871177618737801 0.483642578125 0.07937540663630449 0.0986328125
2 0.3594664931685101 0.648193359375 0.07547169811320754 0.03564453125
0 0.15549772283669486 0.583740234375 0.043591411841249185 0.01904296875
0 0.0988939492517892 0.67724609375 0.025374105400130124 0.03515625
0 0.6011711125569291 0.59326171875 0.0468445022771633 0.017578125
0 0.5429407937540663 0.68994140625 0.01951854261548471 0.03466796875