1 0.8079710144927537 0.40921228304405877 0.10869565217391304 0.03204272363150868
1 0.697463768115942 0.41188251001335113 0.12318840579710146 0.05740987983978638
1 0.6666666666666666 0.3377837116154873 0.11231884057971014 0.03204272363150868
1 0.6413043478260869 0.29906542056074764 0.11231884057971014 0.03204272363150868
1 0.5652173913043478 0.32443257676902537 0.09782608695652174 0.042723631508678236
1 0.3786231884057971 0.6234979973297731 0.15217391304347827 0.042723631508678236
1 0.34057971014492755 0.6582109479305741 0.15217391304347827 0.044058744993324434
1 0.45471014492753625 0.7296395193591455 0.11231884057971014 0.03337783711615487
1 0.286231884057971 0.16154873164218958 0.11594202898550725 0.056074766355140186
1 0.21920289855072464 0.11615487316421896 0.11956521739130435 0.056074766355140186
3 0.7771739130434783 0.5567423230974633 0.39855072463768115 0.14018691588785046
3 0.8894927536231884 0.45794392523364486 0.2210144927536232 0.09746328437917223
3 0.6956521739130435 0.8664886515353805 0.3804347826086957 0.1295060080106809
0 0.9601449275362319 0.5146862483311081 0.07971014492753623 0.04138851802403204
0 0.7409420289855072 0.4492656875834446 0.11594202898550725 0.03471295060080107
2 0.18478260869565216 0.44058744993324434 0.2717391304347826 0.11748998664886515
2 0.42934782608695654 0.5794392523364486 0.18840579710144928 0.05740987983978638
4 0.7119565217391305 0.3644859813084112 0.14130434782608695 0.050734312416555405