1 0.5996376811594203 0.6401869158878505 0.050724637681159424 0.037383177570093455
1 0.6376811594202898 0.6021361815754339 0.14492753623188406 0.0267022696929239
1 0.8351449275362319 0.6221628838451269 0.050724637681159424 0.03871829105473965
1 0.9402173913043478 0.6295060080106809 0.050724637681159424 0.03871829105473965
1 0.9094202898550725 0.5927903871829105 0.10507246376811594 0.022696929238985315
1 0.24456521739130435 0.40854472630173566 0.06884057971014493 0.0520694259012016
1 0.1721014492753623 0.3818424566088118 0.06884057971014493 0.0534045393858478
3 0.2463768115942029 0.5700934579439252 0.2826086956521739 0.12016021361815754
3 0.447463768115942 0.6481975967957276 0.2391304347826087 0.0520694259012016
0 0.27355072463768115 0.6522029372496663 0.10144927536231885 0.022696929238985315
0 0.5271739130434783 0.6014686248331108 0.057971014492753624 0.03871829105473965
2 0.7753623188405797 0.417890520694259 0.2826086956521739 0.06542056074766354
2 0.33152173913043476 0.4439252336448598 0.09782608695652174 0.06275033377837116
4 0.75 0.6261682242990654 0.10507246376811594 0.04138851802403204