1 0.24456521739130435 0.11081441922563418 0.06159420289855073 0.0520694259012016
1 0.2463768115942029 0.16488651535380508 0.06521739130434782 0.0534045393858478
1 0.09057971014492754 0.287716955941255 0.05434782608695652 0.037383177570093455
1 0.11413043478260869 0.5293724966622163 0.09782608695652174 0.017356475300400534
1 0.21557971014492755 0.5453938584779706 0.06521739130434782 0.0520694259012016
1 0.15217391304347827 0.616822429906542 0.10144927536231885 0.017356475300400534
1 0.12681159420289856 0.6555407209612817 0.10144927536231885 0.017356475300400534
1 0.22644927536231885 0.6455273698264352 0.057971014492753624 0.037383177570093455
1 0.7608695652173914 0.4105473965287049 0.13768115942028986 0.022696929238985315
1 0.8369565217391305 0.38584779706275035 0.14130434782608695 0.022696929238985315
1 0.822463768115942 0.3030707610146863 0.10144927536231885 0.018691588785046728
1 0.27355072463768115 0.8371161548731643 0.06159420289855073 0.050734312416555405
1 0.27717391304347827 0.8891855807743658 0.06521739130434782 0.050734312416555405
3 0.8007246376811594 0.8765020026702269 0.30434782608695654 0.08945260347129506
3 0.322463768115942 0.4032042723631509 0.3115942028985507 0.09879839786381843
3 0.10144927536231885 0.472630173564753 0.13043478260869565 0.08544726301735647
3 0.7771739130434783 0.14085447263017356 0.3079710144927536 0.08678237650200267
0 0.09963768115942029 0.40854472630173566 0.057971014492753624 0.036048064085447265
0 0.22282608695652173 0.5046728971962616 0.10144927536231885 0.020026702269692925
2 0.7083333333333334 0.6054739652870494 0.16304347826086957 0.10146862483311081
2 0.6612318840579711 0.44125500667556744 0.16666666666666666 0.03337783711615487
4 0.14492753623188406 0.5854472630173565 0.10869565217391304 0.036048064085447265