1 0.42028985507246375 0.35781041388518026 0.04710144927536232 0.036048064085447265
1 0.37681159420289856 0.3951935914552737 0.14130434782608695 0.02403204272363151
1 0.18297101449275363 0.3718291054739653 0.04710144927536232 0.037383177570093455
1 0.07789855072463768 0.36248331108144194 0.04710144927536232 0.037383177570093455
1 0.10507246376811594 0.3991989319092123 0.10144927536231885 0.021361815754339118
1 0.7427536231884058 0.5961281708945261 0.06159420289855073 0.050734312416555405
1 0.8097826086956522 0.6241655540720962 0.06159420289855073 0.0520694259012016
3 0.7626811594202898 0.43457943925233644 0.26811594202898553 0.11481975967957277
3 0.5742753623188406 0.3531375166889186 0.2318840579710145 0.04806408544726302
0 0.7481884057971014 0.35246995994659547 0.09782608695652174 0.021361815754339118
0 0.48731884057971014 0.3978638184245661 0.05434782608695652 0.037383177570093455
2 0.213768115942029 0.5767690253671562 0.2753623188405797 0.06008010680907877
2 0.6594202898550725 0.5594125500667557 0.09057971014492754 0.06141522029372497
4 0.26811594202898553 0.3691588785046729 0.09782608695652174 0.04005340453938585