1 0.8473520249221184 0.07432432432432433 0.024922118380062305 0.0472972972972973
1 0.8348909657320872 0.12331081081081081 0.04984423676012461 0.02702702702702703
1 0.7990654205607477 0.08783783783783784 0.024922118380062305 0.05067567567567568
4 0.7585669781931464 0.08614864864864864 0.04361370716510903 0.05405405405405406
1 0.7102803738317757 0.12162162162162163 0.07165109034267912 0.030405405405405407
1 0.6869158878504673 0.07263513513513513 0.024922118380062305 0.05067567567567568
3 0.6152647975077882 0.07263513513513513 0.1059190031152648 0.057432432432432436
0 0.6573208722741433 0.1266891891891892 0.024922118380062305 0.0472972972972973
0 0.5342679127725857 0.06925675675675676 0.04672897196261682 0.02702702702702703
3 0.5311526479750779 0.17905405405405406 0.1277258566978193 0.14864864864864866
1 0.38161993769470404 0.06756756756756757 0.04361370716510903 0.02364864864864865
1 0.22741433021806853 0.14864864864864866 0.06853582554517133 0.033783783783783786
1 0.1557632398753894 0.14864864864864866 0.07165109034267912 0.030405405405405407
3 0.205607476635514 0.4172297297297297 0.1059190031152648 0.14864864864864866
1 0.4127725856697819 0.4341216216216216 0.024922118380062305 0.0472972972972973
1 0.5171339563862928 0.4358108108108108 0.028037383177570093 0.06756756756756757
1 0.5467289719626168 0.3969594594594595 0.03115264797507788 0.07094594594594594
2 0.5825545171339563 0.34797297297297297 0.040498442367601244 0.0777027027027027
2 0.7912772585669782 0.3733108108108108 0.12461059190031153 0.08108108108108109
1 0.8535825545171339 0.5405405405405406 0.021806853582554516 0.05067567567567568
1 0.8426791277258567 0.5912162162162162 0.04672897196261682 0.02702702702702703
1 0.8037383177570093 0.5540540540540541 0.024922118380062305 0.0472972972972973
1 0.7165109034267912 0.589527027027027 0.06542056074766354 0.030405405405405407
1 0.6931464174454829 0.5388513513513513 0.021806853582554516 0.04391891891891892
4 0.7663551401869159 0.5523648648648649 0.04361370716510903 0.05405405405405406
0 0.6635514018691588 0.5929054054054054 0.024922118380062305 0.0472972972972973
0 0.5389408099688473 0.5371621621621622 0.04672897196261682 0.02364864864864865
3 0.6230529595015576 0.5388513513513513 0.1059190031152648 0.057432432432432436
3 0.5373831775700935 0.6469594594594594 0.12461059190031153 0.15202702702702703
1 0.3878504672897196 0.5371621621621622 0.04984423676012461 0.02702702702702703
1 0.23208722741433022 0.6199324324324325 0.07165109034267912 0.030405405405405407
1 0.16043613707165108 0.6216216216216216 0.06853582554517133 0.033783783783783786
3 0.2118380062305296 0.8885135135135135 0.11214953271028037 0.1554054054054054
1 0.4174454828660436 0.9037162162162162 0.024922118380062305 0.05067567567567568
1 0.5218068535825545 0.902027027027027 0.028037383177570093 0.057432432432432436
1 0.5529595015576324 0.8665540540540541 0.028037383177570093 0.06418918918918919
2 0.5887850467289719 0.8141891891891891 0.04361370716510903 0.08108108108108109
2 0.7990654205607477 0.8412162162162162 0.12461059190031153 0.08108108108108109