1 0.8193359375 0.9289389067524115 0.0185546875 0.04887459807073955
1 0.77880859375 0.9446945337620579 0.0400390625 0.02315112540192926
1 0.791748046875 0.8881028938906752 0.04150390625 0.023794212218649517
1 0.81787109375 0.7884244372990353 0.02197265625 0.07459807073954984
1 0.77783203125 0.7646302250803858 0.041015625 0.024437299035369776
1 0.77197265625 0.4064308681672026 0.02001953125 0.052733118971061095
1 0.8359375 0.22443729903536977 0.02294921875 0.07652733118971061
1 0.83349609375 0.145016077170418 0.02392578125 0.07395498392282958
1 0.401611328125 0.9475884244372991 0.03759765625 0.02508038585209003
1 0.441162109375 0.9340836012861736 0.0185546875 0.049517684887459806
1 0.4111328125 0.8945337620578778 0.03662109375 0.02508038585209003
1 0.4375 0.7897106109324759 0.02392578125 0.07395498392282958
1 0.396484375 0.764951768488746 0.0380859375 0.02508038585209003
1 0.38720703125 0.4157556270096463 0.01904296875 0.05209003215434083
1 0.44970703125 0.2360128617363344 0.02392578125 0.07459807073954984
1 0.447998046875 0.15562700964630224 0.02392578125 0.07459807073954984
1 0.68408203125 0.43729903536977494 0.0380859375 0.02508038585209003
1 0.690673828125 0.5610932475884244 0.05517578125 0.03022508038585209
1 0.657470703125 0.5971061093247588 0.05712890625 0.030868167202572346
1 0.044677734375 0.9372990353697749 0.03515625 0.024437299035369776
1 0.08056640625 0.9254019292604502 0.01904296875 0.04823151125401929
1 0.052734375 0.884887459807074 0.03466796875 0.02508038585209003
1 0.072998046875 0.7893890675241158 0.02294921875 0.07009646302250803
1 0.034912109375 0.7639871382636656 0.03466796875 0.024437299035369776
1 0.02001953125 0.42411575562700965 0.01953125 0.05080385852090032
1 0.078369140625 0.24790996784565916 0.0224609375 0.07138263665594856
1 0.077880859375 0.17234726688102894 0.021484375 0.0707395498392283
1 0.30419921875 0.4456591639871383 0.0361328125 0.02315112540192926
1 0.31103515625 0.5659163987138264 0.052734375 0.028938906752411574
1 0.280517578125 0.6016077170418006 0.05322265625 0.02829581993569132
4 0.049072265625 0.8421221864951769 0.03955078125 0.04823151125401929
4 0.409423828125 0.8472668810289389 0.0419921875 0.04887459807073955
4 0.789306640625 0.8446945337620578 0.04248046875 0.04694533762057878
3 0.028076171875 0.6864951768488746 0.04931640625 0.11254019292604502
3 0.109130859375 0.5909967845659164 0.11669921875 0.14276527331189712
3 0.284912109375 0.21157556270096464 0.1220703125 0.12475884244372991
3 0.394775390625 0.6852090032154341 0.0439453125 0.11832797427652733
3 0.478271484375 0.5913183279742765 0.12353515625 0.1472668810289389
3 0.6669921875 0.19614147909967847 0.1279296875 0.13183279742765272
3 0.776123046875 0.6829581993569132 0.0498046875 0.12282958199356914
3 0.86181640625 0.5836012861736335 0.12109375 0.15691318327974277
2 0.263427734375 0.8819935691318328 0.06689453125 0.1382636655948553
2 0.240966796875 0.6446945337620579 0.06201171875 0.04565916398713826
2 0.617431640625 0.639871382636656 0.064453125 0.04565916398713826
2 0.647705078125 0.8810289389067524 0.06787109375 0.14019292604501607
0 0.0732421875 0.732475884244373 0.03515625 0.023794212218649517
0 0.02587890625 0.5938906752411576 0.02099609375 0.047588424437299034
0 0.391357421875 0.590032154340836 0.01953125 0.05080385852090032
0 0.43896484375 0.729903536977492 0.03759765625 0.02572347266881029
0 0.821533203125 0.7279742765273312 0.03759765625 0.02508038585209003
0 0.7744140625 0.5836012861736335 0.02001953125 0.052733118971061095