1 0.36566265060240966 0.03333333333333333 0.020481927710843374 0.06666666666666667
1 0.3397590361445783 0.050793650793650794 0.027710843373493974 0.04126984126984127
1 0.34036144578313254 0.5063492063492063 0.01566265060240964 0.07301587301587302
1 0.38313253012048193 0.7253968253968254 0.020481927710843374 0.09523809523809523
1 0.38433734939759034 0.8253968253968254 0.018072289156626505 0.09523809523809523
1 0.5253012048192771 0.4603174603174603 0.027710843373493974 0.0380952380952381
1 0.5078313253012048 0.25873015873015875 0.03975903614457831 0.044444444444444446
1 0.5253012048192771 0.3047619047619048 0.03614457831325301 0.0380952380952381
1 0.6072289156626506 0.026984126984126985 0.01927710843373494 0.05396825396825397
1 0.5807228915662651 0.03492063492063492 0.02891566265060241 0.0380952380952381
1 0.577710843373494 0.4888888888888889 0.01566265060240964 0.06984126984126984
1 0.6186746987951808 0.7126984126984127 0.01927710843373494 0.09523809523809523
1 0.6186746987951808 0.8111111111111111 0.01927710843373494 0.09523809523809523
0 0.3680722891566265 0.09523809523809523 0.02650602409638554 0.03492063492063492
0 0.3409638554216867 0.28095238095238095 0.014457831325301205 0.06666666666666667
0 0.608433734939759 0.08095238095238096 0.02650602409638554 0.0380952380952381
0 0.5789156626506025 0.26825396825396824 0.014457831325301205 0.07301587301587302
3 0.3397590361445783 0.16031746031746033 0.02891566265060241 0.1619047619047619
3 0.3963855421686747 0.2841269841269841 0.0819277108433735 0.19047619047619047
3 0.516867469879518 0.7507936507936508 0.07951807228915662 0.15873015873015872
3 0.5813253012048193 0.14444444444444443 0.03132530120481928 0.15873015873015872
3 0.6343373493975903 0.26825396825396824 0.08313253012048193 0.20952380952380953
2 0.4825301204819277 0.20634920634920634 0.04578313253012048 0.06349206349206349