1 0.82568359375 0.07942122186495176 0.037109375 0.024437299035369776
1 0.837646484375 0.1327974276527331 0.017578125 0.052733118971061095
1 0.794677734375 0.1157556270096463 0.01806640625 0.05466237942122187
1 0.718994140625 0.08135048231511254 0.056640625 0.028938906752411574
1 0.700927734375 0.13408360128617364 0.0185546875 0.054019292604501605
1 0.428955078125 0.14180064308681672 0.0400390625 0.026366559485530548
1 0.290771484375 0.057556270096463025 0.05810546875 0.03022508038585209
1 0.23046875 0.060771704180064307 0.05615234375 0.031511254019292605
1 0.83984375 0.6295819935691318 0.01904296875 0.049517684887459806
1 0.82958984375 0.577491961414791 0.03759765625 0.024437299035369776
1 0.799560546875 0.6170418006430868 0.01904296875 0.04823151125401929
1 0.719970703125 0.582315112540193 0.05615234375 0.031511254019292605
1 0.701171875 0.6363344051446945 0.01904296875 0.05016077170418006
1 0.43603515625 0.6485530546623794 0.03955078125 0.02508038585209003
1 0.299560546875 0.5662379421221865 0.056640625 0.031511254019292605
1 0.238525390625 0.5684887459807074 0.056640625 0.031511254019292605
1 0.452392578125 0.25755627009646304 0.01904296875 0.05016077170418006
1 0.54638671875 0.24887459807073956 0.02294921875 0.07266881028938907
1 0.57373046875 0.29260450160771706 0.0234375 0.0752411575562701
1 0.458740234375 0.7578778135048232 0.017578125 0.047588424437299034
1 0.550048828125 0.7488745980707395 0.02197265625 0.06945337620578779
1 0.5771484375 0.7890675241157556 0.021484375 0.07009646302250803
4 0.763671875 0.6192926045016077 0.037109375 0.05530546623794212
4 0.76171875 0.1189710610932476 0.03564453125 0.05594855305466238
3 0.56884765625 0.9688102893890675 0.1083984375 0.062379421221864954
3 0.281005859375 0.7832797427652733 0.0947265625 0.1607717041800643
3 0.640625 0.6385852090032155 0.08984375 0.05787781350482315
3 0.5693359375 0.5286173633440514 0.11181640625 0.16270096463022507
3 0.269287109375 0.28006430868167204 0.10009765625 0.1684887459807074
3 0.638916015625 0.13633440514469453 0.09326171875 0.06559485530546624
3 0.5634765625 0.05144694533762058 0.119140625 0.10289389067524116
2 0.7900390625 0.8115755627009646 0.10498046875 0.08810289389067524
2 0.60986328125 0.8411575562700965 0.03466796875 0.08167202572347267
2 0.606201171875 0.34533762057877815 0.03466796875 0.08488745980707396
2 0.789306640625 0.3054662379421222 0.1064453125 0.08938906752411575
0 0.568359375 0.6430868167202572 0.03857421875 0.02572347266881029
0 0.674560546875 0.5803858520900321 0.01953125 0.049517684887459806
0 0.673095703125 0.07652733118971061 0.01904296875 0.049517684887459806
0 0.5634765625 0.13858520900321544 0.0400390625 0.026366559485530548