4 0.1043613707165109 0.23209169054441262 0.06230529595015576 0.04871060171919771
4 0.6495327102803738 0.23065902578796563 0.06542056074766354 0.04871060171919771
3 0.0514018691588785 0.3868194842406877 0.07476635514018691 0.11461318051575932
3 0.11993769470404984 0.3868194842406877 0.07165109034267912 0.11461318051575932
3 0.20404984423676012 0.5515759312320917 0.16199376947040497 0.15759312320916904
3 0.4236760124610592 0.7722063037249284 0.17133956386292834 0.12034383954154727
3 0.5996884735202492 0.38108882521489973 0.06230529595015576 0.11461318051575932
3 0.661993769470405 0.38108882521489973 0.06230529595015576 0.11174785100286533
3 0.7429906542056075 0.5472779369627507 0.1526479750778816 0.15759312320916904
3 0.9330218068535826 0.7650429799426934 0.13395638629283488 0.11461318051575932
1 0.02336448598130841 0.14469914040114612 0.04672897196261682 0.1174785100286533
1 0.03582554517133956 0.2851002865329513 0.03115264797507788 0.054441260744985676
1 0.11993769470404984 0.2979942693409742 0.06230529595015576 0.025787965616045846
1 0.16355140186915887 0.23209169054441262 0.056074766355140186 0.025787965616045846
1 0.0794392523364486 0.6461318051575932 0.03115264797507788 0.04871060171919771
1 0.35514018691588783 0.49570200573065903 0.08099688473520249 0.03151862464183381
1 0.3333333333333333 0.5515759312320917 0.040498442367601244 0.07163323782234957
1 0.4454828660436137 0.6303724928366762 0.056074766355140186 0.02865329512893983
1 0.5654205607476636 0.14326647564469913 0.07165109034267912 0.12034383954154727
1 0.5825545171339563 0.2822349570200573 0.03426791277258567 0.04871060171919771
1 0.6635514018691588 0.29512893982808025 0.056074766355140186 0.02865329512893983
1 0.7087227414330218 0.22922636103151864 0.0529595015576324 0.02865329512893983
1 0.616822429906542 0.6389684813753582 0.03115264797507788 0.05157593123209169
1 0.8862928348909658 0.4899713467048711 0.08099688473520249 0.03151862464183381
1 0.8644859813084113 0.5458452722063037 0.037383177570093455 0.07449856733524356
1 0.9750778816199377 0.6232091690544412 0.04984423676012461 0.025787965616045846
0 0.07476635514018691 0.5272206303724928 0.03426791277258567 0.04871060171919771
0 0.4127725856697819 0.5171919770773639 0.037383177570093455 0.07449856733524356
0 0.616822429906542 0.5229226361031518 0.03115264797507788 0.04871060171919771
0 0.9470404984423676 0.5114613180515759 0.037383177570093455 0.07449856733524356
2 0.3442367601246106 0.30802292263610315 0.102803738317757 0.14326647564469913
2 0.29127725856697817 0.45415472779369626 0.09034267912772585 0.045845272206303724
2 0.8847352024922118 0.3037249283667622 0.09657320872274143 0.14326647564469913
2 0.8286604361370716 0.4484240687679083 0.09968847352024922 0.04297994269340974