1 0.10747663551401869 0.12331081081081081 0.04361370716510903 0.02702702702702703
1 0.1526479750778816 0.13682432432432431 0.024922118380062305 0.05405405405405406
1 0.11993769470404984 0.17567567567567569 0.04672897196261682 0.02702702702702703
4 0.11838006230529595 0.2195945945945946 0.04984423676012461 0.0472972972972973
1 0.15109034267912771 0.2719594594594595 0.028037383177570093 0.0777027027027027
1 0.1059190031152648 0.2972972972972973 0.04672897196261682 0.02702702702702703
3 0.1059190031152648 0.375 0.0529595015576324 0.11486486486486487
0 0.1557632398753894 0.3293918918918919 0.04361370716510903 0.02702702702702703
0 0.102803738317757 0.46283783783783783 0.024922118380062305 0.05067567567567568
3 0.20404984423676012 0.46621621621621623 0.13707165109034267 0.13851351351351351
1 0.10124610591900311 0.6283783783783784 0.021806853582554516 0.0472972972972973
1 0.17601246105919002 0.7956081081081081 0.03115264797507788 0.07094594594594594
1 0.17757009345794392 0.8733108108108109 0.028037383177570093 0.0777027027027027
3 0.4236760124610592 0.8192567567567568 0.13707165109034267 0.11486486486486487
1 0.4392523364485981 0.5945945945945946 0.04361370716510903 0.02702702702702703
1 0.440809968847352 0.4814189189189189 0.06230529595015576 0.030405405405405407
1 0.40498442367601245 0.44932432432432434 0.06542056074766354 0.033783783783783786
2 0.3582554517133956 0.41047297297297297 0.07165109034267912 0.04391891891891892
2 0.38317757009345793 0.18243243243243243 0.07476635514018691 0.13513513513513514
1 0.5373831775700935 0.11655405405405406 0.04361370716510903 0.02364864864864865
1 0.5841121495327103 0.12837837837837837 0.024922118380062305 0.05067567567567568
1 0.5498442367601246 0.17060810810810811 0.04361370716510903 0.02702702702702703
1 0.5825545171339563 0.2652027027027027 0.028037383177570093 0.07094594594594594
1 0.5358255451713395 0.2905405405405405 0.040498442367601244 0.02364864864864865
4 0.5482866043613707 0.21283783783783783 0.04984423676012461 0.0472972972972973
0 0.5856697819314641 0.32263513513513514 0.04361370716510903 0.02702702702702703
0 0.5342679127725857 0.4577702702702703 0.021806853582554516 0.05067567567567568
3 0.5358255451713395 0.36655405405405406 0.0529595015576324 0.11486486486486487
3 0.6355140186915887 0.4594594594594595 0.14018691588785046 0.13513513513513514
1 0.5342679127725857 0.6216216216216216 0.024922118380062305 0.05405405405405406
1 0.6105919003115264 0.7905405405405406 0.028037383177570093 0.0777027027027027
1 0.6121495327102804 0.8682432432432432 0.03115264797507788 0.07432432432432433
3 0.8582554517133957 0.8125 0.14330218068535824 0.12162162162162163
1 0.8722741433021807 0.589527027027027 0.04672897196261682 0.02702702702702703
1 0.8707165109034268 0.47635135135135137 0.0529595015576324 0.030405405405405407
1 0.838006230529595 0.44256756756756754 0.059190031152647975 0.030405405405405407
2 0.7897196261682243 0.40202702702702703 0.07476635514018691 0.0472972972972973
2 0.8146417445482866 0.17567567567567569 0.07476635514018691 0.13513513513513514