1 0.098876953125 0.7861736334405145 0.041015625 0.036655948553054665
1 0.0986328125 0.7305466237942122 0.02783203125 0.057234726688102894
1 0.13623046875 0.762379421221865 0.02880859375 0.059163987138263666
1 0.201904296875 0.8228295819935691 0.060546875 0.04823151125401929
1 0.230224609375 0.7787781350482315 0.029296875 0.05852090032154341
1 0.493408203125 0.8700964630225081 0.0439453125 0.03987138263665595
1 0.608642578125 0.9881028938906753 0.06201171875 0.023794212218649517
1 0.200439453125 0.25209003215434084 0.02880859375 0.05466237942122187
1 0.199462890625 0.3057877813504823 0.041015625 0.03729903536977492
1 0.236572265625 0.2787781350482315 0.0283203125 0.05337620578778135
1 0.3056640625 0.3411575562700965 0.060546875 0.05080385852090032
1 0.335205078125 0.2958199356913183 0.02880859375 0.05530546623794212
1 0.592529296875 0.3803858520900322 0.04345703125 0.03858520900321544
1 0.70654296875 0.5090032154340836 0.06103515625 0.05080385852090032
1 0.765625 0.5289389067524116 0.06103515625 0.05080385852090032
1 0.4951171875 0.7504823151125402 0.02880859375 0.05530546623794212
1 0.40283203125 0.7244372990353698 0.037109375 0.07845659163987138
1 0.3857421875 0.6726688102893891 0.0380859375 0.08102893890675242
1 0.59375 0.26720257234726685 0.02685546875 0.05209003215434083
1 0.50390625 0.24244372990353696 0.03564453125 0.07459807073954984
1 0.486328125 0.19421221864951768 0.03515625 0.0752411575562701
4 0.271484375 0.2897106109324759 0.04736328125 0.06688102893890675
4 0.168701171875 0.7713826366559485 0.0458984375 0.06688102893890675
3 0.53125 0.036334405144694534 0.1171875 0.07266881028938907
3 0.769775390625 0.3070739549839228 0.12451171875 0.18906752411575561
3 0.393798828125 0.3157556270096463 0.0986328125 0.08810289389067524
3 0.439453125 0.4472668810289389 0.1416015625 0.1967845659163987
3 0.67578125 0.795176848874598 0.13134765625 0.19807073954983923
3 0.290283203125 0.7990353697749196 0.103515625 0.09710610932475884
3 0.34521484375 0.907717041800643 0.13623046875 0.14276527331189712
2 0.286376953125 0.09517684887459807 0.119140625 0.12282958199356914
2 0.4658203125 0.13215434083601285 0.05029296875 0.09131832797427653
2 0.365478515625 0.609967845659164 0.05126953125 0.09389067524115756
2 0.18115234375 0.5819935691318328 0.12109375 0.12475884244372991
0 0.46435546875 0.33762057877813506 0.04248046875 0.03858520900321544
0 0.34912109375 0.3594855305466238 0.029296875 0.05466237942122187
0 0.244873046875 0.8443729903536977 0.02880859375 0.05466237942122187
0 0.36328125 0.8244372990353698 0.0439453125 0.03987138263665595