1 0.2352289156626506 0.07628571428571429 0.01632530120481929 0.07326984126984126
1 0.2419879518072289 0.14622222222222223 0.027807228915662632 0.04234920634920636
1 0.2640602409638554 0.09746031746031744 0.015313253012048169 0.07663492063492064
1 0.3167469879518072 0.14790476190476193 0.03801204819277103 0.05377777777777777
1 0.3292409638554217 0.07831746031746033 0.016072289156626545 0.07326984126984126
1 0.5022168674698795 0.07965079365079365 0.02730120481927707 0.04234920634920634
1 0.5855180722891566 0.19225396825396826 0.036734939759036155 0.05377777777777777
1 0.6235301204819277 0.1956190476190476 0.036228915662650525 0.047047619047619074
1 0.485 0.5666984126984127 0.01428915662650604 0.07260317460317461
1 0.40872289156626507 0.519968253968254 0.01734939759036142 0.10555555555555556
1 0.42593975903614456 0.5673015873015873 0.015048192771084348 0.09530158730158725
1 0.057819277108433736 0.1652063492063492 0.03806024096385543 0.04498412698412699
1 0.09843373493975904 0.16777777777777778 0.04025301204819277 0.050126984126984145
1 0.05232530120481928 0.8144126984126985 0.04220481927710844 0.05142857142857157
1 0.09550602409638553 0.8153650793650793 0.04025301204819277 0.05206349206349199
1 0.2306385542168675 0.7194285714285714 0.015048192771084348 0.07180952380952382
1 0.2376144578313253 0.7883174603174603 0.028048192771084373 0.04342857142857145
1 0.25956626506024094 0.7367619047619048 0.014891566265060257 0.07892063492063496
1 0.3119397590361446 0.7837142857142857 0.03881927710843377 0.049269841269841214
1 0.32334939759036146 0.712952380952381 0.014108433734939804 0.07558730158730159
1 0.49607228915662654 0.7052380952380952 0.026783132530120504 0.04092063492063488
1 0.5806144578313254 0.8127301587301587 0.03644578313253012 0.04968253968253961
1 0.6183253012048193 0.8123174603174603 0.03613253012048194 0.051365079365079204
1 0.7482530120481927 0.10733333333333334 0.012795180722891434 0.06669841269841272
1 0.754722891566265 0.1743809523809524 0.025457831325301335 0.03831746031746034
1 0.7752409638554217 0.1255238095238095 0.014108433734939804 0.07092063492063493
1 0.8225903614457831 0.17400000000000002 0.03607228915662657 0.049047619047619055
1 0.8348072289156626 0.10711111111111112 0.015132530120481862 0.07244444444444446
1 0.909144578313253 0.5373333333333333 0.016385542168674588 0.09841269841269841
1 0.9260843373493975 0.5870793650793651 0.016939759036144513 0.09476190476190484
1 0.9822168674698796 0.5818095238095239 0.014903614457831194 0.07003174603174604
1 0.7435180722891567 0.7224761904761905 0.01590361445783138 0.07304761904761901
1 0.7496626506024097 0.7879047619047619 0.025313253012048183 0.03936507936507929
1 0.7700963855421686 0.7408888888888888 0.01433734939759047 0.06796825396825405
1 0.8176385542168675 0.786952380952381 0.0356746987951806 0.046380952380952425
1 0.8292771084337349 0.7200952380952381 0.01409638554216873 0.07146031746031743
0 0.34643373493975904 0.15282539682539684 0.013722891566265044 0.07069841269841269
0 0.41677108433734944 0.08015873015873017 0.02569879518072294 0.03815873015873015
0 0.3411325301204819 0.7862222222222223 0.01428915662650604 0.06974603174603165
0 0.4123253012048193 0.7083174603174603 0.027216867469879558 0.03765079365079369
0 0.8509638554216867 0.1792063492063492 0.012530120481927821 0.06761904761904766
0 0.9180722891566265 0.10666666666666667 0.025060240963855368 0.04126984126984127
0 0.8456626506024096 0.7944444444444444 0.013975903614457722 0.06761904761904748
0 0.9123493975903615 0.7188888888888888 0.025180722891566375 0.03904761904761908
4 0.2880361445783132 0.09688888888888887 0.024891566265060273 0.08104761904761905
4 0.28272289156626507 0.7322539682539683 0.026289156626506015 0.08438095238095233
4 0.7957951807228916 0.12555555555555556 0.02527710843373496 0.08136507936507935
4 0.7911204819277108 0.7388888888888889 0.02369879518072298 0.07749206349206357
3 0.06579518072289156 0.5374920634920635 0.07310843373493976 0.21980952380952384
3 0.3710240963855422 0.07777777777777778 0.06086746987951805 0.07688888888888888
3 0.4180602409638554 0.22755555555555557 0.07244578313253011 0.21650793650793648
3 0.5951927710843373 0.543968253968254 0.059963855421686724 0.21038095238095234
3 0.3648795180722892 0.714 0.060277108433734905 0.08209523809523814
3 0.41195180722891567 0.8546349206349205 0.07916867469879522 0.21984126984126984
3 0.8672530120481928 0.7217460317460317 0.058084337349397636 0.07777777777777778
3 0.916710843373494 0.8649206349206349 0.07379518072289157 0.2136507936507935
3 0.8725903614457832 0.10777777777777779 0.05716867469879523 0.08434920634920633
3 0.923144578313253 0.25003174603174605 0.07240963855421675 0.20952380952380953
2 0.2667349397590361 0.4949523809523809 0.07437349397590363 0.11936507936507944
2 0.38842168674698796 0.4532380952380953 0.024662650602409672 0.11936507936507944
2 0.7766746987951807 0.5094920634920636 0.06771084337349403 0.1125079365079365
2 0.8911807228915662 0.46847619047619043 0.023481927710843384 0.11657142857142866