1 0.7650602409638554 0.9238095238095239 0.016867469879518072 0.07301587301587302
1 0.7578313253012048 0.8539682539682539 0.027710843373493974 0.04126984126984127
1 0.736144578313253 0.9031746031746032 0.01566265060240964 0.0761904761904762
1 0.6831325301204819 0.8523809523809524 0.03855421686746988 0.05396825396825397
1 0.6704819277108434 0.9222222222222223 0.01566265060240964 0.07301587301587302
1 0.4975903614457831 0.9206349206349206 0.027710843373493974 0.04126984126984127
1 0.41445783132530123 0.807936507936508 0.03614457831325301 0.05396825396825397
1 0.37650602409638556 0.8047619047619048 0.03614457831325301 0.047619047619047616
1 0.5150602409638554 0.43333333333333335 0.014457831325301205 0.07301587301587302
1 0.591566265060241 0.4793650793650794 0.016867469879518072 0.10476190476190476
1 0.5740963855421687 0.43333333333333335 0.014457831325301205 0.09523809523809523
1 0.9421686746987952 0.834920634920635 0.03855421686746988 0.044444444444444446
1 0.9018072289156627 0.8317460317460318 0.03975903614457831 0.050793650793650794
1 0.9475903614457831 0.18571428571428572 0.04216867469879518 0.050793650793650794
1 0.9042168674698795 0.18412698412698414 0.03975903614457831 0.050793650793650794
1 0.769277108433735 0.28095238095238095 0.014457831325301205 0.07301587301587302
1 0.7626506024096386 0.2111111111111111 0.027710843373493974 0.044444444444444446
1 0.7403614457831326 0.2634920634920635 0.014457831325301205 0.07936507936507936
1 0.6879518072289157 0.21587301587301588 0.03855421686746988 0.050793650793650794
1 0.6765060240963855 0.2873015873015873 0.014457831325301205 0.0761904761904762
1 0.5042168674698795 0.29523809523809524 0.02650602409638554 0.04126984126984127
1 0.41927710843373495 0.1873015873015873 0.03614457831325301 0.050793650793650794
1 0.3819277108433735 0.1873015873015873 0.03614457831325301 0.050793650793650794
1 0.25180722891566265 0.8920634920634921 0.01325301204819277 0.06666666666666667
1 0.24518072289156626 0.8253968253968254 0.02530120481927711 0.0380952380952381
1 0.2246987951807229 0.8746031746031746 0.014457831325301205 0.06984126984126984
1 0.17710843373493976 0.8253968253968254 0.03614457831325301 0.047619047619047616
1 0.1650602409638554 0.8936507936507937 0.01566265060240964 0.07301587301587302
1 0.09096385542168675 0.46190476190476193 0.016867469879518072 0.09841269841269841
1 0.07409638554216867 0.4126984126984127 0.016867469879518072 0.09523809523809523
1 0.018072289156626505 0.4174603174603175 0.014457831325301205 0.06984126984126984
1 0.25662650602409637 0.2777777777777778 0.01566265060240964 0.07301587301587302
1 0.25060240963855424 0.2126984126984127 0.02530120481927711 0.0380952380952381
1 0.23012048192771084 0.25873015873015875 0.014457831325301205 0.06666666666666667
1 0.1825301204819277 0.2126984126984127 0.03614457831325301 0.047619047619047616
1 0.17048192771084336 0.27936507936507937 0.014457831325301205 0.07301587301587302
0 0.6536144578313253 0.8476190476190476 0.01325301204819277 0.06984126984126984
0 0.5831325301204819 0.9206349206349206 0.02530120481927711 0.0380952380952381
0 0.6590361445783133 0.21428571428571427 0.014457831325301205 0.06984126984126984
0 0.5879518072289157 0.2920634920634921 0.027710843373493974 0.0380952380952381
0 0.14879518072289158 0.8206349206349206 0.012048192771084338 0.06666666666666667
0 0.0819277108433735 0.8936507936507937 0.02530120481927711 0.04126984126984127
0 0.15421686746987953 0.20634920634920634 0.014457831325301205 0.06666666666666667
0 0.08795180722891566 0.28095238095238095 0.02530120481927711 0.0380952380952381
4 0.7120481927710843 0.9031746031746032 0.02530120481927711 0.08253968253968254
4 0.7174698795180723 0.26825396825396824 0.02650602409638554 0.08571428571428572
4 0.20421686746987952 0.8746031746031746 0.02530120481927711 0.08253968253968254
4 0.20903614457831327 0.26031746031746034 0.024096385542168676 0.0761904761904762
3 0.9343373493975904 0.46190476190476193 0.07349397590361446 0.21904761904761905
3 0.6289156626506024 0.9222222222222223 0.06144578313253012 0.0761904761904762
3 0.5819277108433735 0.773015873015873 0.07228915662650602 0.21587301587301588
3 0.40481927710843374 0.45555555555555555 0.060240963855421686 0.20952380952380953
3 0.6349397590361445 0.2857142857142857 0.060240963855421686 0.08253968253968254
3 0.5879518072289157 0.14603174603174604 0.07951807228915662 0.21904761904761905
3 0.13253012048192772 0.2777777777777778 0.05783132530120482 0.0761904761904762
3 0.08313253012048193 0.1349206349206349 0.07349397590361446 0.2126984126984127
3 0.12771084337349398 0.8920634920634921 0.056626506024096385 0.08571428571428572
3 0.07710843373493977 0.7492063492063492 0.07228915662650602 0.20952380952380953
2 0.733132530120482 0.5047619047619047 0.0746987951807229 0.12063492063492064
2 0.6114457831325302 0.546031746031746 0.024096385542168676 0.12063492063492064
2 0.22349397590361444 0.49047619047619045 0.06746987951807229 0.1111111111111111
2 0.10903614457831326 0.5317460317460317 0.02289156626506024 0.11746031746031746