1 0.8925233644859814 0.8766891891891891 0.04361370716510903 0.02702702702702703
1 0.8473520249221184 0.8631756756756757 0.024922118380062305 0.05405405405405406
1 0.8800623052959502 0.8243243243243243 0.04672897196261682 0.02702702702702703
4 0.881619937694704 0.7804054054054054 0.04984423676012461 0.0472972972972973
1 0.8489096573208723 0.7280405405405406 0.028037383177570093 0.0777027027027027
1 0.8940809968847352 0.7027027027027027 0.04672897196261682 0.02702702702702703
3 0.8940809968847352 0.625 0.0529595015576324 0.11486486486486487
0 0.8442367601246106 0.6706081081081081 0.04361370716510903 0.02702702702702703
0 0.897196261682243 0.5371621621621622 0.024922118380062305 0.05067567567567568
3 0.7959501557632399 0.5337837837837838 0.13707165109034267 0.13851351351351351
1 0.8987538940809969 0.3716216216216216 0.021806853582554516 0.0472972972972973
1 0.82398753894081 0.20439189189189189 0.03115264797507788 0.07432432432432433
1 0.822429906542056 0.1266891891891892 0.028037383177570093 0.0777027027027027
3 0.5763239875389408 0.18074324324324326 0.13707165109034267 0.11486486486486487
1 0.5607476635514018 0.40540540540540543 0.04361370716510903 0.02702702702702703
1 0.559190031152648 0.518581081081081 0.06230529595015576 0.030405405405405407
1 0.5950155763239875 0.5506756756756757 0.06542056074766354 0.033783783783783786
2 0.6417445482866043 0.589527027027027 0.07165109034267912 0.04391891891891892
2 0.616822429906542 0.8175675675675675 0.07476635514018691 0.13513513513513514
1 0.46261682242990654 0.8834459459459459 0.04361370716510903 0.02364864864864865
1 0.4158878504672897 0.8716216216216216 0.024922118380062305 0.05067567567567568
1 0.4501557632398754 0.8293918918918919 0.04361370716510903 0.02702702702702703
1 0.4174454828660436 0.7347972972972973 0.028037383177570093 0.07094594594594594
1 0.46417445482866043 0.7094594594594594 0.040498442367601244 0.02364864864864865
4 0.4517133956386293 0.7871621621621622 0.04984423676012461 0.0472972972972973
0 0.4143302180685358 0.6773648648648649 0.04361370716510903 0.02702702702702703
0 0.4657320872274143 0.5422297297297297 0.021806853582554516 0.05067567567567568
3 0.46417445482866043 0.6334459459459459 0.0529595015576324 0.11486486486486487
3 0.3644859813084112 0.5405405405405406 0.14018691588785046 0.13513513513513514
1 0.4657320872274143 0.3783783783783784 0.024922118380062305 0.05405405405405406
1 0.3894080996884735 0.20945945945945946 0.028037383177570093 0.0777027027027027
1 0.3878504672897196 0.13175675675675674 0.03115264797507788 0.07432432432432433
3 0.14174454828660435 0.1875 0.14330218068535824 0.12162162162162163
1 0.1277258566978193 0.41047297297297297 0.04672897196261682 0.02702702702702703
1 0.1292834890965732 0.5236486486486487 0.0529595015576324 0.030405405405405407
1 0.16199376947040497 0.5574324324324325 0.059190031152647975 0.030405405405405407
2 0.2102803738317757 0.597972972972973 0.07165109034267912 0.0472972972972973
2 0.1853582554517134 0.8243243243243243 0.07476635514018691 0.13851351351351351