1 0.18057556935817803 0.07119660748403933 0.018625258799171818 0.04906048877260955
1 0.22123395445134575 0.055343023573192734 0.03997515527950313 0.023335908343485583
1 0.20828571428571427 0.11188038318920467 0.04133747412008282 0.02393034957027687
1 0.1821656314699793 0.21150109777449355 0.02180538302277435 0.07479052279097013
1 0.2221407867494824 0.23543144734477042 0.04088612836438921 0.02453024438630475
1 0.2280496894409938 0.5935195702103013 0.019987577639751564 0.0526489504903038
1 0.16399585921325052 0.7754022248407261 0.022712215320911 0.07658475364981715
1 0.1664927536231884 0.8549755453922098 0.024078674948240175 0.07419062797494226
1 0.5982898550724637 0.052332642314579965 0.03781366459627322 0.0253210148256143
1 0.5588737060041408 0.06604841924467257 0.0185879917184264 0.049382250537569984
1 0.5888364389233954 0.1055105909608356 0.03685300207039344 0.0253210148256143
1 0.56255900621118 0.21039401915946024 0.0240331262939959 0.07385795903150857
1 0.6035734989648034 0.2350824176336269 0.038132505175983544 0.025321014825614264
1 0.6128695652173912 0.5843302723466012 0.018906832298136722 0.051912715943360485
1 0.5502194616977225 0.7641242022994016 0.0237142857142858 0.07470326536318429
1 0.551983436853002 0.8443137784346229 0.0240331262939959 0.07470326536318429
1 0.31579710144927536 0.5625813584709711 0.037842650103519726 0.025255571754774893
1 0.30927536231884056 0.4388176043351774 0.05497722567287788 0.030311048977119195
1 0.3425175983436853 0.40278028665960997 0.057022774327122105 0.030981840453223063
1 0.9552712215320911 0.06272172981033598 0.03504347826086951 0.024301193638366858
1 0.919391304347826 0.07475234766631383 0.018824016563147028 0.048362429350322526
1 0.9472587991718426 0.1152561549266708 0.03467080745341611 0.025282839700957994
1 0.9270351966873706 0.21075395604907696 0.02292753623188415 0.06996409631656382
1 0.965055900621118 0.23591681678682935 0.03448447204968952 0.02454660515401461
1 0.9798757763975156 0.5759208377437373 0.01938302277432702 0.05057113299115261
1 0.9217225672877847 0.7519354303555618 0.022368530020703936 0.07119115389480282
1 0.922 0.8276694240844668 0.021436853002070322 0.0709457423791549
1 0.695871635610766 0.5543737066698621 0.03628985507246374 0.023254104504936386
1 0.6888447204968944 0.43413297118092303 0.052637681159420247 0.02906217704193386
1 0.7195776397515528 0.3985046726981021 0.05328778467908912 0.02841865351201295
4 0.950848861283644 0.15795775864938455 0.039469979296066215 0.04824790397635357
4 0.5905051759834368 0.15264596273291925 0.04186749482401653 0.04910957107573908
4 0.21080745341614907 0.1553727573512279 0.042563146997929624 0.04717354689673998
3 0.9718053830227743 0.3136577313548095 0.049258799171842726 0.11273114311011699
3 0.8908944099378883 0.40912281094179603 0.11668737060041412 0.14282950210700807
3 0.7150186335403727 0.7885562820794473 0.12192960662525887 0.1246363284136526
3 0.6052173913043478 0.31463392382816396 0.043722567287784786 0.11857739077177074
3 0.5218012422360249 0.4087792348198891 0.12368944099378876 0.14699059069454706
3 0.33304761904761904 0.8038208783527392 0.12784679089026918 0.13173144801049191
3 0.22381780538302276 0.31713712128777133 0.04968115942028983 0.12264576834228734
3 0.13806211180124225 0.41643607410809985 0.12133333333333335 0.15683977285587788
2 0.7365175983436854 0.11795022800955976 0.06668737060041408 0.13841209482534805
2 0.75903933747412 0.3552249885163069 0.06214906832298128 0.045521109358044924
2 0.38266252587991717 0.36028046573865113 0.06424430641821943 0.045521109358044924
2 0.35228571428571426 0.11886643100131147 0.06773498964803315 0.1402499543980881
0 0.9266666666666667 0.26737857309287477 0.03493995859213239 0.023706752411575584
0 0.9740455486542444 0.40612333686165647 0.021175983436853008 0.04740805123391455
0 0.6085797101449275 0.41002810675507445 0.019590062111801254 0.05066929759741163
0 0.5610227743271221 0.2699908423372145 0.03775983436852992 0.025800930678436636
0 0.17845962732919254 0.2721013813717854 0.03775983436853003 0.025331922004087504
0 0.2254782608695652 0.4163597238587872 0.019946169772256717 0.05301434096915707