1 0.9766355140186916 0.44256756756756754 0.04672897196261682 0.05405405405405406
1 0.9735202492211839 0.3935810810810811 0.04984423676012461 0.057432432432432436
4 0.9439252336448598 0.36317567567567566 0.06542056074766354 0.07094594594594594
1 0.8847352024922118 0.3564189189189189 0.07165109034267912 0.07432432432432433
1 0.897196261682243 0.30236486486486486 0.04984423676012461 0.057432432432432436
3 0.8411214953271028 0.2533783783783784 0.11526479750778816 0.11824324324324324
0 0.8411214953271028 0.32432432432432434 0.04672897196261682 0.05405405405405406
0 0.7819314641744548 0.19425675675675674 0.0529595015576324 0.05405405405405406
3 0.7133956386292835 0.27533783783783783 0.18691588785046728 0.20270270270270271
1 0.6651090342679128 0.08614864864864864 0.04672897196261682 0.0472972972972973
1 0.5 0.04054054054054054 0.07165109034267912 0.07432432432432433
1 0.4439252336448598 0.013513513513513514 0.07165109034267912 0.02702702702702703
3 0.32398753894080995 0.23141891891891891 0.16822429906542055 0.1891891891891892
1 0.4719626168224299 0.3885135135135135 0.04672897196261682 0.05405405405405406
1 0.5514018691588785 0.46283783783783783 0.06230529595015576 0.07094594594594594
1 0.5965732087227414 0.4543918918918919 0.06542056074766354 0.0777027027027027
2 0.6526479750778816 0.4408783783783784 0.0778816199376947 0.08783783783783784
2 0.7975077881619937 0.606418918918919 0.14330218068535824 0.14864864864864866
1 0.7461059190031153 0.777027027027027 0.04672897196261682 0.05405405405405406
1 0.7087227414330218 0.8091216216216216 0.0529595015576324 0.05405405405405406
1 0.7009345794392523 0.7533783783783784 0.04672897196261682 0.05405405405405406
1 0.6121495327102804 0.7195945945945946 0.06853582554517133 0.06756756756756757
1 0.6246105919003115 0.6638513513513513 0.04361370716510903 0.0472972972972973
4 0.6728971962616822 0.7263513513513513 0.06542056074766354 0.07094594594594594
0 0.5700934579439252 0.6858108108108109 0.04672897196261682 0.05405405405405406
0 0.5077881619937694 0.5557432432432432 0.04984423676012461 0.05067567567567568
3 0.5716510903426791 0.6148648648648649 0.11526479750778816 0.11824324324324324
3 0.440809968847352 0.6385135135135135 0.18691588785046728 0.20270270270270271
1 0.3925233644859813 0.4510135135135135 0.0529595015576324 0.05405405405405406
1 0.22429906542056074 0.40540540540540543 0.07165109034267912 0.07432432432432433
1 0.16822429906542055 0.3564189189189189 0.07165109034267912 0.07432432432432433
3 0.06853582554517133 0.5945945945945946 0.13707165109034267 0.19594594594594594
1 0.19781931464174454 0.7516891891891891 0.04984423676012461 0.057432432432432436
1 0.278816199376947 0.8226351351351351 0.056074766355140186 0.06418918918918919
1 0.32398753894080995 0.8175675675675675 0.059190031152647975 0.06756756756756757
2 0.38161993769470404 0.8023648648648649 0.08099688473520249 0.09121621621621621
2 0.5264797507788161 0.9476351351351351 0.14330218068535824 0.10472972972972973