4 0.8956386292834891 0.23209169054441262 0.06230529595015576 0.04871060171919771
4 0.35046728971962615 0.23065902578796563 0.06542056074766354 0.04871060171919771
3 0.9485981308411215 0.3868194842406877 0.07476635514018691 0.11461318051575932
3 0.8800623052959502 0.3868194842406877 0.07165109034267912 0.11461318051575932
3 0.7959501557632399 0.5515759312320917 0.16199376947040497 0.15759312320916904
3 0.5763239875389408 0.7722063037249284 0.17133956386292834 0.12034383954154727
3 0.40031152647975077 0.38108882521489973 0.06230529595015576 0.11461318051575932
3 0.338006230529595 0.38108882521489973 0.06230529595015576 0.11174785100286533
3 0.2570093457943925 0.5472779369627507 0.1526479750778816 0.15759312320916904
3 0.06542056074766354 0.7650429799426934 0.1308411214953271 0.11461318051575932
1 0.9750778816199377 0.14469914040114612 0.04984423676012461 0.1174785100286533
1 0.9641744548286605 0.2851002865329513 0.03115264797507788 0.054441260744985676
1 0.8800623052959502 0.2979942693409742 0.06230529595015576 0.025787965616045846
1 0.8364485981308412 0.23209169054441262 0.056074766355140186 0.025787965616045846
1 0.9205607476635514 0.6461318051575932 0.03115264797507788 0.04871060171919771
1 0.6448598130841121 0.49570200573065903 0.08099688473520249 0.03151862464183381
1 0.6666666666666666 0.5515759312320917 0.040498442367601244 0.07163323782234957
1 0.5545171339563862 0.6303724928366762 0.056074766355140186 0.02865329512893983
1 0.43457943925233644 0.14326647564469913 0.07165109034267912 0.12034383954154727
1 0.4174454828660436 0.2822349570200573 0.03426791277258567 0.04871060171919771
1 0.3364485981308411 0.29512893982808025 0.056074766355140186 0.02865329512893983
1 0.29127725856697817 0.22922636103151864 0.0529595015576324 0.02865329512893983
1 0.38317757009345793 0.6389684813753582 0.03115264797507788 0.05157593123209169
1 0.11370716510903427 0.4899713467048711 0.08099688473520249 0.03151862464183381
1 0.13551401869158877 0.5458452722063037 0.037383177570093455 0.07449856733524356
1 0.024922118380062305 0.6232091690544412 0.04984423676012461 0.025787965616045846
0 0.9252336448598131 0.5272206303724928 0.03426791277258567 0.04871060171919771
0 0.5872274143302181 0.5171919770773639 0.037383177570093455 0.07449856733524356
0 0.38317757009345793 0.5229226361031518 0.03115264797507788 0.04871060171919771
0 0.0529595015576324 0.5114613180515759 0.037383177570093455 0.07449856733524356
2 0.6557632398753894 0.30802292263610315 0.102803738317757 0.14326647564469913
2 0.7087227414330218 0.45415472779369626 0.09034267912772585 0.045845272206303724
2 0.11526479750778816 0.3037249283667622 0.09657320872274143 0.14326647564469913
2 0.17133956386292834 0.4484240687679083 0.09968847352024922 0.04297994269340974