4 0.20906542056074767 0.13598853868194843 0.05333333333333335 0.05793696275071633
4 0.20728971962616824 0.6369627507163325 0.053862928348909635 0.059828080229226345
3 0.3762928348909658 0.08808022922636102 0.12383177570093458 0.06790830945558737
3 0.3764797507788162 0.1510028653295129 0.1255451713395639 0.06541547277936967
3 0.5559501557632399 0.22750716332378226 0.17283489096573215 0.14959885386819485
3 0.7958566978193147 0.4297994269340974 0.13056074766355147 0.1587679083094555
3 0.3707788161993769 0.5923209169054441 0.12451713395638629 0.05776504297994277
3 0.3707788161993769 0.6492550143266476 0.12302180685358258 0.05607449856733522
3 0.5507165109034268 0.7236676217765043 0.17180685358255446 0.13968481375358166
3 0.7893769470404984 0.915702005730659 0.12376947040498448 0.15461318051575942
1 0.11560747663551402 0.05191977077363897 0.1279127725856698 0.06475644699140401
1 0.2666355140186916 0.07260744985673352 0.05831775700934579 0.029512893982808035
1 0.28080996884735204 0.15002865329512893 0.02915887850467285 0.05633237822349569
1 0.20934579439252338 0.19083094555873925 0.028753894080996854 0.05134670487106022
1 0.6584735202492212 0.11303724928366762 0.0528971962616823 0.029111747851002855
1 0.49598130841121496 0.3663323782234957 0.03542056074766357 0.07510028653295123
1 0.5563862928348909 0.34601719197707737 0.07707165109034271 0.03756446991404007
1 0.6415887850467289 0.45025787965616043 0.029999999999999985 0.05289398280802286
1 0.11274143302180685 0.5594842406876791 0.12931464174454826 0.06573065902578797
1 0.26373831775700934 0.5761318051575931 0.054454828660436105 0.031690544412607456
1 0.2771339563862928 0.6510315186246418 0.03018691588785046 0.05163323782234952
1 0.20545171339563864 0.6913467048710602 0.02978193146417446 0.050085959885386874
1 0.6506230529595015 0.607621776504298 0.057414330218068556 0.02974212034383953
1 0.48962616822429905 0.8556733524355301 0.035732087227414416 0.07432664756447006
1 0.5504361370716511 0.834727793696275 0.07996884735202497 0.034813753581661826
1 0.6348909657320873 0.9400000000000001 0.029345794392523415 0.052034383954154634
0 0.5293769470404984 0.10859598853868195 0.052554517133956404 0.03143266475644699
0 0.5186915887850467 0.4202578796561604 0.08146417445482859 0.03315186246418336
0 0.5243302180685359 0.6069054441260745 0.05218068535825545 0.02865329512893983
0 0.5126791277258567 0.9108022922636103 0.07996884735202497 0.034871060171919654
2 0.2905607476635514 0.3569340974212034 0.15682242990654208 0.09369627507163321
2 0.45090342679127726 0.3079369627507163 0.048598130841121565 0.08320916905444124
2 0.2866978193146417 0.8541547277936964 0.15436137071651093 0.08828080229226345
2 0.44408099688473524 0.8017765042979943 0.0465732087227414 0.09025787965616046