1 0.8193359375 0.07106109324758843 0.0185546875 0.04887459807073955
1 0.77880859375 0.05530546623794212 0.0400390625 0.02315112540192926
1 0.791748046875 0.11189710610932475 0.04150390625 0.023794212218649517
1 0.81787109375 0.21157556270096464 0.02197265625 0.07459807073954984
1 0.77783203125 0.23536977491961414 0.041015625 0.024437299035369776
1 0.77197265625 0.5935691318327975 0.02001953125 0.052733118971061095
1 0.8359375 0.7755627009646302 0.02294921875 0.07652733118971061
1 0.83349609375 0.854983922829582 0.02392578125 0.07395498392282958
1 0.401611328125 0.052411575562700964 0.03759765625 0.02508038585209003
1 0.441162109375 0.06591639871382636 0.0185546875 0.049517684887459806
1 0.4111328125 0.10546623794212219 0.03662109375 0.02508038585209003
1 0.4375 0.21028938906752412 0.02392578125 0.07395498392282958
1 0.396484375 0.235048231511254 0.0380859375 0.02508038585209003
1 0.38720703125 0.5842443729903537 0.01904296875 0.05209003215434083
1 0.44970703125 0.7639871382636656 0.02392578125 0.07459807073954984
1 0.447998046875 0.8443729903536977 0.02392578125 0.07459807073954984
1 0.68408203125 0.5627009646302251 0.0380859375 0.02508038585209003
1 0.690673828125 0.43890675241157556 0.05517578125 0.03022508038585209
1 0.657470703125 0.4028938906752412 0.05712890625 0.030868167202572346
1 0.044677734375 0.06270096463022508 0.03515625 0.024437299035369776
1 0.08056640625 0.07459807073954984 0.01904296875 0.04823151125401929
1 0.052734375 0.11511254019292605 0.03466796875 0.02508038585209003
1 0.072998046875 0.21061093247588425 0.02294921875 0.07009646302250803
1 0.034912109375 0.2360128617363344 0.03466796875 0.024437299035369776
1 0.02001953125 0.5758842443729904 0.01953125 0.05080385852090032
1 0.078369140625 0.7520900321543408 0.0224609375 0.07138263665594856
1 0.077880859375 0.827652733118971 0.021484375 0.0707395498392283
1 0.30419921875 0.5543408360128618 0.0361328125 0.02315112540192926
1 0.31103515625 0.4340836012861736 0.052734375 0.028938906752411574
1 0.280517578125 0.39839228295819934 0.05322265625 0.02829581993569132
4 0.049072265625 0.15787781350482316 0.03955078125 0.04823151125401929
4 0.409423828125 0.1527331189710611 0.0419921875 0.04887459807073955
4 0.789306640625 0.1553054662379421 0.04248046875 0.04694533762057878
3 0.028076171875 0.3135048231511254 0.04931640625 0.11254019292604502
3 0.109130859375 0.4090032154340836 0.11669921875 0.14276527331189712
3 0.284912109375 0.7884244372990353 0.1220703125 0.12475884244372991
3 0.394775390625 0.3147909967845659 0.0439453125 0.11832797427652733
3 0.478271484375 0.4086816720257235 0.12353515625 0.1472668810289389
3 0.6669921875 0.8038585209003215 0.1279296875 0.13183279742765272
3 0.776123046875 0.3170418006430868 0.0498046875 0.12282958199356914
3 0.86181640625 0.41639871382636656 0.12109375 0.15691318327974277
2 0.263427734375 0.1180064308681672 0.06689453125 0.1382636655948553
2 0.240966796875 0.3553054662379421 0.06201171875 0.04565916398713826
2 0.617431640625 0.36012861736334406 0.064453125 0.04565916398713826
2 0.647705078125 0.1189710610932476 0.06787109375 0.14019292604501607
0 0.0732421875 0.267524115755627 0.03515625 0.023794212218649517
0 0.02587890625 0.4061093247588424 0.02099609375 0.047588424437299034
0 0.391357421875 0.409967845659164 0.01953125 0.05080385852090032
0 0.43896484375 0.27009646302250806 0.03759765625 0.02572347266881029
0 0.821533203125 0.2720257234726688 0.03759765625 0.02508038585209003
0 0.7744140625 0.41639871382636656 0.02001953125 0.052733118971061095