1 0.955322265625 0.4627009646302251 0.03857421875 0.052733118971061095
1 0.93310546875 0.41511254019292604 0.04150390625 0.052733118971061095
1 0.9140625 0.46881028938906755 0.04296875 0.054019292604501605
1 0.8828125 0.5659163987138264 0.05419921875 0.07459807073954984
1 0.8408203125 0.5482315112540193 0.04296875 0.054019292604501605
1 0.654541015625 0.8093247588424437 0.04150390625 0.05659163987138264
1 0.609619140625 0.9810289389067524 0.05615234375 0.037942122186495175
1 0.654296875 0.08070739549839229 0.04052734375 0.05209003215434083
1 0.6767578125 0.12540192926045016 0.0390625 0.05337620578778135
1 0.634521484375 0.12861736334405144 0.0400390625 0.05080385852090032
1 0.600830078125 0.22958199356913184 0.05517578125 0.07588424437299035
1 0.5576171875 0.21189710610932475 0.041015625 0.05209003215434083
1 0.373291015625 0.46334405144694535 0.04052734375 0.05530546623794212
1 0.32861328125 0.6517684887459807 0.0556640625 0.07652733118971061
1 0.286376953125 0.7099678456591639 0.0556640625 0.07652733118971061
1 0.60498046875 0.7086816720257235 0.041015625 0.05209003215434083
1 0.6728515625 0.622508038585209 0.05615234375 0.07138263665594856
1 0.666259765625 0.5665594855305466 0.05810546875 0.07331189710610933
1 0.104736328125 0.13344051446945338 0.04052734375 0.05466237942122187
1 0.05859375 0.3157556270096463 0.052734375 0.07266881028938907
1 0.022705078125 0.37138263665594856 0.04541015625 0.07138263665594856
1 0.326904296875 0.36784565916398715 0.03857421875 0.04887459807073955
1 0.39306640625 0.2845659163987138 0.0537109375 0.06816720257234726
1 0.388427734375 0.23118971061093246 0.0537109375 0.06816720257234726
4 0.609130859375 0.16205787781350484 0.05615234375 0.07331189710610933
4 0.89013671875 0.4987138263665595 0.0556640625 0.0720257234726688
3 0.255859375 0.09614147909967846 0.1591796875 0.19228295819935692
3 0.193603515625 0.52475884244373 0.154296875 0.2
3 0.515869140625 0.2697749196141479 0.0927734375 0.12668810289389068
3 0.5302734375 0.41286173633440515 0.16650390625 0.2180064308681672
3 0.4697265625 0.8729903536977492 0.162109375 0.21093247588424438
3 0.798095703125 0.6073954983922829 0.099609375 0.13504823151125403
3 0.811279296875 0.7565916398713827 0.169921875 0.22315112540192927
2 0.51806640625 0.04405144694533762 0.1201171875 0.08810289389067524
2 0.381103515625 0.16430868167202572 0.0693359375 0.08874598070739549
2 0.658447265625 0.4996784565916399 0.0712890625 0.09067524115755626
2 0.803466796875 0.3469453376205788 0.12158203125 0.1639871382636656
0 0.195068359375 0.019614147909967846 0.03955078125 0.03922829581993569
0 0.465087890625 0.3372990353697749 0.04052734375 0.05466237942122187
0 0.571533203125 0.2752411575562701 0.041015625 0.05209003215434083
0 0.854736328125 0.6138263665594855 0.04052734375 0.05209003215434083
0 0.746337890625 0.6797427652733119 0.04150390625 0.05659163987138264