1 0.11370716510903427 0.11655405405405406 0.04361370716510903 0.02702702702702703
1 0.1588785046728972 0.13006756756756757 0.024922118380062305 0.05405405405405406
1 0.12461059190031153 0.16891891891891891 0.04672897196261682 0.02702702702702703
4 0.12305295950155763 0.21283783783783783 0.04984423676012461 0.0472972972972973
1 0.1542056074766355 0.2652027027027027 0.028037383177570093 0.0777027027027027
1 0.10903426791277258 0.2905405405405405 0.04672897196261682 0.02702702702702703
3 0.10747663551401869 0.36824324324324326 0.056074766355140186 0.11486486486486487
0 0.1588785046728972 0.32263513513513514 0.04361370716510903 0.02702702702702703
0 0.102803738317757 0.4560810810810811 0.024922118380062305 0.05067567567567568
3 0.20404984423676012 0.46114864864864863 0.14330218068535824 0.14189189189189189
1 0.09968847352024922 0.6216216216216216 0.021806853582554516 0.0472972972972973
1 0.17133956386292834 0.7888513513513513 0.03115264797507788 0.07432432432432433
1 0.17133956386292834 0.8665540540540541 0.028037383177570093 0.0777027027027027
3 0.4190031152647975 0.8175675675675675 0.14018691588785046 0.11824324324324324
1 0.43769470404984423 0.5929054054054054 0.04361370716510903 0.02702702702702703
1 0.440809968847352 0.4797297297297297 0.06230529595015576 0.030405405405405407
1 0.40654205607476634 0.44763513513513514 0.06542056074766354 0.033783783783783786
2 0.3598130841121495 0.40709459459459457 0.07165109034267912 0.04391891891891892
2 0.3878504672897196 0.18074324324324326 0.0778816199376947 0.13513513513513514
1 0.543613707165109 0.11655405405405406 0.04361370716510903 0.02364864864864865
1 0.5903426791277259 0.13006756756756757 0.024922118380062305 0.05067567567567568
1 0.5545171339563862 0.17229729729729729 0.04361370716510903 0.02702702702702703
1 0.5856697819314641 0.2668918918918919 0.028037383177570093 0.07094594594594594
1 0.5389408099688473 0.2905405405405405 0.040498442367601244 0.02364864864864865
4 0.5529595015576324 0.21452702702702703 0.04984423676012461 0.0472972972972973
0 0.5887850467289719 0.32432432432432434 0.04361370716510903 0.02702702702702703
0 0.5342679127725857 0.4577702702702703 0.021806853582554516 0.05067567567567568
3 0.5373831775700935 0.36655405405405406 0.056074766355140186 0.11486486486486487
3 0.6355140186915887 0.46283783783783783 0.14330218068535824 0.13851351351351351
1 0.5327102803738317 0.6216216216216216 0.024922118380062305 0.05405405405405406
1 0.6059190031152648 0.7922297297297297 0.028037383177570093 0.0777027027027027
1 0.6059190031152648 0.8699324324324325 0.03115264797507788 0.07094594594594594
3 0.8535825545171339 0.8192567567567568 0.14641744548286603 0.125
1 0.8707165109034268 0.5962837837837838 0.04672897196261682 0.02702702702702703
1 0.8707165109034268 0.4831081081081081 0.0529595015576324 0.030405405405405407
1 0.839563862928349 0.44932432432432434 0.059190031152647975 0.030405405405405407
2 0.7912772585669782 0.40709459459459457 0.07476635514018691 0.0472972972972973
2 0.8193146417445483 0.18243243243243243 0.0778816199376947 0.13513513513513514