1 0.7759036144578313 0.1253968253968254 0.01927710843373494 0.0761904761904762
1 0.766867469879518 0.19365079365079366 0.02891566265060241 0.047619047619047616
1 0.7463855421686747 0.14126984126984127 0.018072289156626505 0.07936507936507936
1 0.6921686746987952 0.18253968253968253 0.03975903614457831 0.06031746031746032
1 0.6813253012048193 0.10952380952380952 0.018072289156626505 0.0761904761904762
1 0.5084337349397591 0.07936507936507936 0.02891566265060241 0.047619047619047616
1 0.42289156626506025 0.17777777777777778 0.03734939759036145 0.06031746031746032
1 0.3849397590361446 0.173015873015873 0.03734939759036145 0.05396825396825397
1 0.5132530120481927 0.5698412698412698 0.016867469879518072 0.0761904761904762
1 0.5909638554216867 0.5380952380952381 0.01927710843373494 0.10793650793650794
1 0.572289156626506 0.5793650793650794 0.016867469879518072 0.09841269841269841
1 0.95 0.24761904761904763 0.03975903614457831 0.050793650793650794
1 0.9096385542168675 0.24285714285714285 0.04096385542168675 0.05714285714285714
1 0.9379518072289157 0.8952380952380953 0.043373493975903614 0.05714285714285714
1 0.8945783132530121 0.8888888888888888 0.04096385542168675 0.05714285714285714
1 0.7626506024096386 0.7682539682539683 0.016867469879518072 0.0761904761904762
1 0.7542168674698795 0.8365079365079365 0.02891566265060241 0.050793650793650794
1 0.7337349397590361 0.7793650793650794 0.016867469879518072 0.08253968253968254
1 0.6801204819277108 0.8174603174603174 0.03975903614457831 0.05714285714285714
1 0.6704819277108434 0.7444444444444445 0.016867469879518072 0.07936507936507936
1 0.4987951807228916 0.7047619047619048 0.027710843373493974 0.047619047619047616
1 0.4114457831325301 0.7968253968253968 0.03734939759036145 0.05714285714285714
1 0.3740963855421687 0.7904761904761904 0.03734939759036145 0.05714285714285714
1 0.26265060240963856 0.06349206349206349 0.014457831325301205 0.06984126984126984
1 0.25421686746987954 0.12857142857142856 0.02650602409638554 0.04126984126984127
1 0.2355421686746988 0.0761904761904762 0.016867469879518072 0.07301587301587302
1 0.18674698795180722 0.11587301587301588 0.03734939759036145 0.05396825396825397
1 0.17650602409638555 0.046031746031746035 0.018072289156626505 0.0761904761904762
1 0.09096385542168675 0.4634920634920635 0.01927710843373494 0.10158730158730159
1 0.07289156626506024 0.5095238095238095 0.01927710843373494 0.09841269841269841
1 0.016867469879518072 0.4936507936507937 0.016867469879518072 0.07301587301587302
1 0.2512048192771084 0.6761904761904762 0.018072289156626505 0.0761904761904762
1 0.2433734939759036 0.7412698412698413 0.02650602409638554 0.04126984126984127
1 0.22409638554216868 0.6904761904761905 0.01566265060240964 0.06984126984126984
1 0.17590361445783131 0.7285714285714285 0.03734939759036145 0.05396825396825397
1 0.16566265060240964 0.6603174603174603 0.016867469879518072 0.0761904761904762
0 0.6626506024096386 0.18095238095238095 0.01566265060240964 0.07301587301587302
0 0.5939759036144578 0.09523809523809523 0.02650602409638554 0.04126984126984127
0 0.6512048192771084 0.8142857142857143 0.016867469879518072 0.07301587301587302
0 0.5825301204819278 0.7238095238095238 0.02891566265060241 0.044444444444444446
0 0.15843373493975904 0.11587301587301588 0.01325301204819277 0.06984126984126984
0 0.09337349397590361 0.03015873015873016 0.02650602409638554 0.044444444444444446
0 0.14698795180722893 0.7301587301587301 0.01566265060240964 0.06984126984126984
0 0.08313253012048193 0.6428571428571429 0.02650602409638554 0.04126984126984127
4 0.7222891566265061 0.1365079365079365 0.027710843373493974 0.08571428571428572
4 0.7108433734939759 0.7714285714285715 0.02891566265060241 0.08888888888888889
4 0.21506024096385543 0.07142857142857142 0.027710843373493974 0.08571428571428572
4 0.2036144578313253 0.6857142857142857 0.02650602409638554 0.07936507936507936
3 0.9325301204819277 0.6174603174603175 0.07951807228915662 0.23174603174603176
3 0.6397590361445783 0.10317460317460317 0.06385542168674699 0.08571428571428572
3 0.5891566265060241 0.24285714285714285 0.0783132530120482 0.22857142857142856
3 0.4036144578313253 0.526984126984127 0.06506024096385542 0.21904761904761905
3 0.6289156626506024 0.7380952380952381 0.06265060240963856 0.09206349206349207
3 0.5783132530120482 0.8698412698412699 0.0855421686746988 0.23174603174603176
3 0.12771084337349398 0.653968253968254 0.060240963855421686 0.08571428571428572
3 0.0746987951807229 0.7873015873015873 0.07951807228915662 0.2253968253968254
3 0.1391566265060241 0.04285714285714286 0.05903614457831325 0.08571428571428572
3 0.08493975903614458 0.173015873015873 0.07710843373493977 0.2222222222222222
2 0.7325301204819277 0.5380952380952381 0.07710843373493977 0.13333333333333333
2 0.6126506024096385 0.4746031746031746 0.027710843373493974 0.12380952380952381
2 0.22409638554216868 0.4587301587301587 0.06987951807228916 0.12380952380952381
2 0.1108433734939759 0.3968253968253968 0.02650602409638554 0.12063492063492064