1 0.1526479750778816 0.07432432432432433 0.024922118380062305 0.0472972972972973
1 0.16510903426791276 0.12331081081081081 0.04984423676012461 0.02702702702702703
1 0.20093457943925233 0.08783783783783784 0.024922118380062305 0.05067567567567568
4 0.24143302180685358 0.08614864864864864 0.04361370716510903 0.05405405405405406
1 0.2897196261682243 0.12162162162162163 0.07165109034267912 0.030405405405405407
1 0.3130841121495327 0.07263513513513513 0.024922118380062305 0.05067567567567568
3 0.3847352024922118 0.07263513513513513 0.1059190031152648 0.057432432432432436
0 0.3426791277258567 0.1266891891891892 0.024922118380062305 0.0472972972972973
0 0.4657320872274143 0.06925675675675676 0.04672897196261682 0.02702702702702703
3 0.4688473520249221 0.17905405405405406 0.1277258566978193 0.14864864864864866
1 0.618380062305296 0.06756756756756757 0.04361370716510903 0.02364864864864865
1 0.7725856697819314 0.14864864864864866 0.06853582554517133 0.033783783783783786
1 0.8442367601246106 0.14864864864864866 0.07165109034267912 0.030405405405405407
3 0.794392523364486 0.4172297297297297 0.1059190031152648 0.14864864864864866
1 0.5872274143302181 0.4341216216216216 0.024922118380062305 0.0472972972972973
1 0.48286604361370716 0.4358108108108108 0.028037383177570093 0.06756756756756757
1 0.4532710280373832 0.3969594594594595 0.03115264797507788 0.07094594594594594
2 0.4174454828660436 0.34797297297297297 0.040498442367601244 0.0777027027027027
2 0.2087227414330218 0.3733108108108108 0.1277258566978193 0.08108108108108109
1 0.14641744548286603 0.5405405405405406 0.021806853582554516 0.05067567567567568
1 0.1573208722741433 0.5912162162162162 0.04672897196261682 0.02702702702702703
1 0.19626168224299065 0.5540540540540541 0.024922118380062305 0.0472972972972973
1 0.2834890965732087 0.589527027027027 0.06542056074766354 0.030405405405405407
1 0.3068535825545171 0.5388513513513513 0.021806853582554516 0.04391891891891892
4 0.2336448598130841 0.5523648648648649 0.04361370716510903 0.05405405405405406
0 0.3364485981308411 0.5929054054054054 0.024922118380062305 0.0472972972972973
0 0.46105919003115264 0.5371621621621622 0.04672897196261682 0.02364864864864865
3 0.37694704049844235 0.5388513513513513 0.1059190031152648 0.057432432432432436
3 0.46261682242990654 0.6469594594594594 0.12461059190031153 0.15202702702702703
1 0.6121495327102804 0.5371621621621622 0.04984423676012461 0.02702702702702703
1 0.7679127725856698 0.6199324324324325 0.07165109034267912 0.030405405405405407
1 0.839563862928349 0.6216216216216216 0.06853582554517133 0.033783783783783786
3 0.7881619937694704 0.8885135135135135 0.11214953271028037 0.1554054054054054
1 0.5825545171339563 0.9037162162162162 0.024922118380062305 0.05067567567567568
1 0.4781931464174455 0.902027027027027 0.028037383177570093 0.057432432432432436
1 0.4470404984423676 0.8665540540540541 0.028037383177570093 0.06418918918918919
2 0.411214953271028 0.8141891891891891 0.04361370716510903 0.08108108108108109
2 0.20093457943925233 0.8412162162162162 0.12461059190031153 0.08108108108108109