1 0.6512048192771084 0.07301587301587302 0.02289156626506024 0.07301587301587302
1 0.6771084337349398 0.09682539682539683 0.02891566265060241 0.047619047619047616
1 0.658433734939759 0.5507936507936508 0.018072289156626505 0.0761904761904762
1 0.6072289156626506 0.7571428571428571 0.024096385542168676 0.10158730158730159
1 0.6024096385542169 0.8555555555555555 0.021686746987951807 0.09841269841269841
1 0.47650602409638554 0.45396825396825397 0.02891566265060241 0.044444444444444446
1 0.5018072289156627 0.2571428571428571 0.04096385542168675 0.05396825396825397
1 0.4825301204819277 0.2984126984126984 0.03734939759036145 0.047619047619047616
1 0.4108433734939759 0.014285714285714285 0.021686746987951807 0.02857142857142857
1 0.43795180722891563 0.01904761904761905 0.030120481927710843 0.0380952380952381
1 0.42289156626506025 0.46825396825396826 0.018072289156626505 0.07301587301587302
1 0.37349397590361444 0.6793650793650794 0.02289156626506024 0.10158730158730159
1 0.36987951807228914 0.7761904761904762 0.02289156626506024 0.10158730158730159
0 0.6469879518072289 0.13333333333333333 0.027710843373493974 0.04126984126984127
0 0.6668674698795181 0.3253968253968254 0.016867469879518072 0.06984126984126984
0 0.4090361445783133 0.05396825396825397 0.027710843373493974 0.044444444444444446
0 0.4307228915662651 0.24761904761904763 0.016867469879518072 0.0761904761904762
3 0.6728915662650602 0.20634920634920634 0.03493975903614458 0.16825396825396827
3 0.6114457831325302 0.3142857142857143 0.0891566265060241 0.2126984126984127
3 0.4734939759036145 0.7444444444444445 0.0855421686746988 0.18095238095238095
3 0.4331325301204819 0.12380952380952381 0.03734939759036145 0.16507936507936508
3 0.3753012048192771 0.23174603174603176 0.09156626506024096 0.23174603174603176
2 0.5289156626506024 0.2126984126984127 0.04819277108433735 0.0761904761904762