3 0.08908045977011494 0.20562130177514792 0.11302681992337164 0.14792899408284024
3 0.2413793103448276 0.4068047337278107 0.08045977011494253 0.16272189349112426
3 0.0842911877394636 0.7322485207100592 0.11302681992337164 0.16272189349112426
3 0.23467432950191572 0.9215976331360947 0.07854406130268199 0.15680473372781065
3 0.6101532567049809 0.07988165680473373 0.07471264367816093 0.05917159763313609
3 0.6091954022988506 0.13757396449704143 0.07471264367816093 0.05621301775147929
3 0.7164750957854407 0.21301775147928995 0.1053639846743295 0.14201183431952663
3 0.8659003831417624 0.40976331360946744 0.08045977011494253 0.16272189349112426
3 0.6053639846743295 0.5857988165680473 0.07662835249042145 0.05917159763313609
3 0.6053639846743295 0.6449704142011834 0.07662835249042145 0.05917159763313609
3 0.7145593869731801 0.7248520710059172 0.10344827586206896 0.15384615384615385
3 0.8630268199233716 0.9142011834319527 0.07854406130268199 0.16863905325443787
0 0.07183908045977011 0.07840236686390532 0.03639846743295019 0.03550295857988166
0 0.06417624521072797 0.40236686390532544 0.05172413793103448 0.03550295857988166
0 0.06704980842911877 0.6020710059171598 0.034482758620689655 0.029585798816568046
0 0.05842911877394636 0.9319526627218935 0.05172413793103448 0.04142011834319527
0 0.7011494252873564 0.09319526627218935 0.034482758620689655 0.029585798816568046
0 0.6944444444444444 0.40532544378698226 0.04789272030651341 0.03254437869822485
0 0.6973180076628352 0.5976331360946746 0.032567049808429116 0.026627218934911243
0 0.6915708812260536 0.9171597633136095 0.04789272030651341 0.03550295857988166
2 0.018199233716475097 0.2869822485207101 0.03065134099616858 0.09171597633136094
2 0.014367816091954023 0.8136094674556213 0.02681992337164751 0.09171597633136094
2 0.6561302681992337 0.29289940828402367 0.02681992337164751 0.08284023668639054
2 0.5574712643678161 0.34615384615384615 0.09386973180076628 0.08875739644970414
2 0.553639846743295 0.863905325443787 0.09386973180076628 0.09467455621301775
2 0.6532567049808429 0.7973372781065089 0.03065134099616858 0.08579881656804733
1 0.15613026819923373 0.08136094674556213 0.034482758620689655 0.03254437869822485
1 0.04980842911877394 0.34467455621301774 0.022988505747126436 0.07692307692307693
1 0.09003831417624521 0.3239644970414201 0.05172413793103448 0.03254437869822485
1 0.1446360153256705 0.4319526627218935 0.019157088122605363 0.05917159763313609
1 0.15229885057471265 0.599112426035503 0.034482758620689655 0.03550295857988166
1 0.04597701149425287 0.8698224852071006 0.022988505747126436 0.07988165680473373
1 0.0842911877394636 0.8476331360946746 0.04980842911877394 0.04142011834319527
1 0.1388888888888889 0.9571005917159763 0.0210727969348659 0.05917159763313609
4 0.5105363984674329 0.12721893491124261 0.028735632183908046 0.05917159763313609
4 0.5057471264367817 0.6301775147928994 0.03065134099616858 0.05917159763313609
1 0.4559386973180077 0.04585798816568047 0.07471264367816093 0.0650887573964497
1 0.5459770114942529 0.060650887573964495 0.03065134099616858 0.026627218934911243
1 0.553639846743295 0.13757396449704143 0.01532567049808429 0.05029585798816568
1 0.5105363984674329 0.17899408284023668 0.01532567049808429 0.047337278106508875
1 0.7164750957854407 0.3269230769230769 0.04597701149425287 0.03254437869822485
1 0.6810344827586207 0.34911242603550297 0.02490421455938697 0.07988165680473373
1 0.7701149425287356 0.4319526627218935 0.017241379310344827 0.05029585798816568
1 0.7816091954022989 0.09319526627218935 0.032567049808429116 0.029585798816568046
1 0.4511494252873563 0.5532544378698225 0.07854406130268199 0.06804733727810651
1 0.5402298850574713 0.5665680473372781 0.03639846743295019 0.029585798816568046
1 0.5488505747126436 0.643491124260355 0.017241379310344827 0.047337278106508875
1 0.5067049808429118 0.6863905325443787 0.01532567049808429 0.05029585798816568
1 0.7777777777777778 0.5976331360946746 0.034482758620689655 0.03254437869822485
1 0.7136015325670498 0.8372781065088757 0.04789272030651341 0.03254437869822485
1 0.6781609195402298 0.8579881656804734 0.022988505747126436 0.07692307692307693
1 0.7672413793103449 0.9452662721893491 0.0210727969348659 0.05325443786982249