3 0.08888888888888889 0.20556213017751482 0.11235632183908044 0.14920118343195268
3 0.2410536398467433 0.4071301775147929 0.07994252873563217 0.1613609467455622
3 0.08469348659003832 0.732337278106509 0.11233716475095785 0.163491124260355
3 0.23467432950191572 0.9215976331360947 0.07854406130268199 0.15680473372781065
3 0.6099616858237548 0.08032544378698224 0.07394636015325674 0.057692307692307696
3 0.6095785440613026 0.13801775147928994 0.07432950191570872 0.05591715976331359
3 0.7168582375478927 0.21316568047337278 0.10459770114942533 0.14289940828402362
3 0.8655172413793104 0.410207100591716 0.08007662835249034 0.1618343195266272
3 0.6058429118773946 0.5859467455621302 0.07605363984674338 0.06005917159763317
3 0.6057471264367816 0.645414201183432 0.07586206896551728 0.058284023668639016
3 0.714272030651341 0.7245562130177515 0.10287356321839089 0.15443786982248517
3 0.8633141762452107 0.9134615384615384 0.07796934865900391 0.16893491124260362
0 0.07137931034482758 0.07852071005917159 0.03645593869731801 0.03411242603550296
0 0.06432950191570881 0.40272189349112425 0.05212643678160921 0.036893491124260436
0 0.06662835249042146 0.6025739644970414 0.03415708812260536 0.030532544378698203
0 0.05816091954022989 0.931923076923077 0.051609195402298844 0.04124260355029602
0 0.701551724137931 0.09295857988165682 0.0338505747126436 0.031035502958579868
0 0.6942911877394636 0.4054437869822485 0.04781609195402306 0.03171597633136103
0 0.6977011494252874 0.597189349112426 0.03218390804597693 0.025739644970414168
0 0.6915708812260536 0.9171597633136095 0.047509578544061216 0.036686390532544313
2 0.017739463601532567 0.2866272189349112 0.03151340996168582 0.09248520710059169
2 0.014080459770114942 0.8137573964497041 0.026992337164750958 0.09281065088757398
2 0.6563218390804598 0.2924556213017751 0.02605363984674334 0.08195266272189346
2 0.5573754789272031 0.34541420118343197 0.09329501915708821 0.08964497041420122
2 0.554022988505747 0.8643491124260354 0.09425287356321847 0.09437869822485201
2 0.6531609195402298 0.7979289940828402 0.030459770114942487 0.08579881656804733
1 0.15591954022988505 0.08144970414201184 0.034846743295019154 0.03162721893491124
1 0.050268199233716476 0.34517751479289943 0.02272030651340996 0.07686390532544375
1 0.09024904214559387 0.32372781065088757 0.05147509578544062 0.033964497041420086
1 0.14461685823754789 0.43174556213017756 0.01908045977011496 0.05970414201183434
1 0.1521072796934866 0.5992899408284024 0.03503831417624519 0.03656804733727815
1 0.04567049808429119 0.8702366863905325 0.02272030651340996 0.08059171597633139
1 0.08408045977011494 0.8474556213017751 0.04977011494252874 0.041804733727810635
1 0.1389272030651341 0.9575443786982247 0.02078544061302681 0.05896449704141997
4 0.5105172413793103 0.1266568047337278 0.028659003831417694 0.05920118343195268
4 0.506168582375479 0.6302071005917159 0.030900383141762442 0.05943786982248513
1 0.45595785440613024 0.0458284023668639 0.0744061302681993 0.06497041420118344
1 0.5454980842911877 0.06050295857988165 0.030459770114942487 0.02633136094674556
1 0.5537356321839081 0.1378698224852071 0.016283524904214558 0.04911242603550298
1 0.5104406130268199 0.17958579881656805 0.016283524904214558 0.046153846153846136
1 0.7159961685823755 0.32727810650887573 0.046475095785440595 0.03310650887573964
1 0.6813984674329502 0.3497337278106508 0.024406130268199253 0.07931952662721894
1 0.769904214559387 0.43201183431952667 0.017624521072797023 0.05112426035502967
1 0.7819731800766283 0.09301775147928995 0.03314176245210719 0.029053254437869824
1 0.4516091954022989 0.553284023668639 0.07854406130268199 0.06689349112426039
1 0.5398084291187739 0.5670118343195266 0.03614942528735633 0.029852071005917087
1 0.5490038314176245 0.6433136094674556 0.017758620689655138 0.04766272189349116
1 0.506455938697318 0.6868639053254437 0.014961685823754685 0.04908284023668632
1 0.7779310344827586 0.597810650887574 0.034904214559387026 0.03272189349112427
1 0.7140421455938698 0.8365680473372781 0.0473754789272031 0.03369822485207097
1 0.6785057471264367 0.858698224852071 0.02243295019157095 0.07701183431952655
1 0.7674904214559387 0.9450887573964497 0.020249042145593966 0.05437869822485206