1 0.2026378896882494 0.4190556492411467 0.05755395683453238 0.0387858347386172
1 0.2709832134292566 0.3254637436762226 0.07434052757793765 0.050590219224283306
1 0.2829736211031175 0.3634064080944351 0.07913669064748201 0.05396290050590219
1 0.5971223021582733 0.21416526138279932 0.05755395683453238 0.0387858347386172
1 0.6270983213429256 0.2436762225969646 0.05755395683453238 0.04047217537942664
1 0.5731414868105515 0.24957841483979765 0.05755395683453238 0.0387858347386172
1 0.5371702637889688 0.31534569983136596 0.07194244604316546 0.05396290050590219
1 0.4844124700239808 0.30438448566610454 0.05995203836930456 0.04047217537942664
1 0.2685851318944844 0.47807757166947723 0.05995203836930456 0.04384485666104553
1 0.22422062350119903 0.6011804384485666 0.07673860911270983 0.05564924114671164
1 0.17625899280575538 0.6416526138279932 0.07194244604316546 0.05396290050590219
1 0.5599520383693045 0.627318718381113 0.05995203836930456 0.04047217537942664
1 0.6390887290167866 0.5699831365935919 0.07673860911270983 0.050590219224283306
1 0.63189448441247 0.5337268128161888 0.07913669064748201 0.05396290050590219
1 0.9544364508393285 0.42242833052276557 0.05995203836930456 0.04047217537942664
1 0.9772182254196643 0.45193929173693087 0.045563549160671464 0.04047217537942664
1 0.9280575539568345 0.45699831365935917 0.05755395683453238 0.0387858347386172
1 0.894484412470024 0.524451939291737 0.07434052757793765 0.05396290050590219
1 0.8405275779376499 0.5134907251264755 0.05755395683453238 0.0387858347386172
1 0.6247002398081535 0.6871838111298483 0.05515587529976019 0.04047217537942664
1 0.579136690647482 0.8111298482293423 0.07194244604316546 0.05396290050590219
1 0.5323741007194245 0.8507588532883642 0.07194244604316546 0.05396290050590219
0 0.5035971223021583 0.34654300168634067 0.05515587529976019 0.03709949409780776
0 0.3752997601918465 0.39291736930860033 0.05755395683453238 0.04215851602023609
0 0.8597122302158273 0.5564924114671164 0.05755395683453238 0.04047217537942664
0 0.7302158273381295 0.6003372681281619 0.05515587529976019 0.04047217537942664
4 0.5431654676258992 0.2706576728499157 0.07913669064748201 0.05396290050590219
4 0.9004796163069544 0.4797639123102867 0.07913669064748201 0.05396290050590219
3 0.07553956834532374 0.53035413153457 0.1510791366906475 0.1433389544688027
3 0.434052757793765 0.3440134907251265 0.1223021582733813 0.0893760539629005
3 0.4520383693045564 0.4494097807757167 0.2182254196642686 0.15345699831365936
3 0.407673860911271 0.7386172006745363 0.20623501199040767 0.1433389544688027
3 0.7913669064748201 0.5539629005059022 0.11990407673860912 0.0893760539629005
3 0.8069544364508393 0.657672849915683 0.2158273381294964 0.15008431703204048
2 0.7889688249400479 0.3836424957841484 0.15587529976019185 0.11298482293423272
2 0.617505995203837 0.49072512647554806 0.09832134292565947 0.0657672849915683
2 0.42805755395683454 0.1745362563237774 0.1606714628297362 0.1163575042158516
2 0.25539568345323743 0.28499156829679595 0.10311750599520383 0.07082630691399663