1 0.20023980815347722 0.575885328836425 0.05275779376498801 0.01854974704890388
1 0.1642685851318945 0.47386172006745364 0.06954436450839328 0.023608768971332208
1 0.20863309352517986 0.4966273187183811 0.07434052757793765 0.025295109612141653
1 0.3069544364508393 0.23946037099494097 0.05275779376498801 0.01854974704890388
1 0.35731414868105515 0.2478920741989882 0.03117505995203837 0.03541315345699832
1 0.3213429256594724 0.2774030354131535 0.05275779376498801 0.01854974704890388
1 0.35611510791366907 0.34317032040472173 0.03597122302158273 0.048903878583473864
1 0.3057553956834532 0.3600337268128162 0.05515587529976019 0.02023608768971332
1 0.30455635491606714 0.5902192242833052 0.03117505995203837 0.0387858347386172
1 0.38609112709832133 0.7040472175379426 0.03597122302158273 0.05227655986509275
1 0.38848920863309355 0.7563237774030354 0.03836930455635491 0.047217537942664416
1 0.6642685851318945 0.5682967959527825 0.05515587529976019 0.02023608768971332
1 0.670263788968825 0.4881956155143339 0.07194244604316546 0.023608768971332208
1 0.6306954436450839 0.4645868465430017 0.07673860911270983 0.023608768971332208
1 0.7709832134292566 0.2318718381112985 0.05275779376498801 0.021922428330522766
1 0.8213429256594724 0.2411467116357504 0.03117505995203837 0.03541315345699832
1 0.7829736211031175 0.26981450252951095 0.05275779376498801 0.02023608768971332
1 0.8201438848920863 0.33642495784148396 0.03597122302158273 0.050590219224283306
1 0.7697841726618705 0.35328836424957843 0.05275779376498801 0.02023608768971332
1 0.7685851318944844 0.5834738617200674 0.02877697841726619 0.03709949409780776
1 0.8501199040767387 0.6981450252951096 0.03597122302158273 0.048903878583473864
1 0.8513189448441247 0.7495784148397976 0.03597122302158273 0.048903878583473864
0 0.3597122302158273 0.3827993254637437 0.05275779376498801 0.016863406408094434
0 0.3057553956834532 0.4763912310286678 0.03117505995203837 0.03709949409780776
0 0.8237410071942446 0.3768971332209106 0.050359712230215826 0.021922428330522766
0 0.7673860911270983 0.46964586846543 0.02877697841726619 0.03541315345699832
4 0.31894484412470026 0.3069139966273187 0.05995203836930456 0.03541315345699832
4 0.7829736211031175 0.30016863406408095 0.05995203836930456 0.03541315345699832
3 0.18705035971223022 0.7318718381112985 0.1606714628297362 0.09274873524451939
3 0.30455635491606714 0.4131534569983137 0.06474820143884892 0.07925801011804384
3 0.41606714628297364 0.4839797639123103 0.15827338129496402 0.10623946037099494
3 0.6522781774580336 0.7225969645868465 0.15827338129496402 0.09274873524451939
3 0.7697841726618705 0.40640809443507586 0.05995203836930456 0.08094435075885328
3 0.8788968824940048 0.4772344013490725 0.15587529976019185 0.1045531197301855
2 0.6091127098321343 0.2790893760539629 0.08872901678657075 0.09443507588532883
2 0.580335731414868 0.43844856661045534 0.08872901678657075 0.03372681281618887
2 0.14148681055155876 0.2875210792580101 0.08872901678657075 0.09949409780775717
2 0.11510791366906475 0.4502529510961214 0.08872901678657075 0.0387858347386172