3 0.4396551724137931 0.8994082840236687 0.1053639846743295 0.1242603550295858
3 0.7729885057471264 0.9097633136094675 0.10153256704980843 0.12130177514792899
3 0.22796934865900384 0.32988165680473375 0.038314176245210725 0.11538461538461539
3 0.2653256704980843 0.33136094674556216 0.03639846743295019 0.11538461538461539
3 0.31417624521072796 0.16568047337278108 0.09195402298850575 0.16272189349112426
3 0.5555555555555556 0.33727810650887574 0.038314176245210725 0.11834319526627218
3 0.5938697318007663 0.33727810650887574 0.038314176245210725 0.11834319526627218
3 0.6455938697318008 0.16863905325443787 0.09961685823754789 0.15976331360946747
0 0.23659003831417624 0.1893491124260355 0.019157088122605363 0.05325443786982249
0 0.4386973180076628 0.1997041420118343 0.0210727969348659 0.07396449704142012
0 0.5632183908045977 0.1952662721893491 0.017241379310344827 0.05029585798816568
0 0.7701149425287356 0.20414201183431951 0.022988505747126436 0.07396449704142012
2 0.36590038314176243 0.2588757396449704 0.05363984674329502 0.04142011834319527
2 0.4003831417624521 0.41124260355029585 0.05747126436781609 0.14497041420118342
2 0.735632183908046 0.4171597633136095 0.06130268199233716 0.14497041420118342
2 0.6925287356321839 0.26331360946745563 0.05555555555555555 0.047337278106508875
4 0.25862068965517243 0.48372781065088755 0.038314176245210725 0.04437869822485207
4 0.5842911877394636 0.4911242603550296 0.038314176245210725 0.047337278106508875
1 0.20593869731800765 0.5680473372781065 0.0421455938697318 0.11538461538461539
1 0.21551724137931033 0.4289940828402367 0.017241379310344827 0.047337278106508875
1 0.2653256704980843 0.4171597633136095 0.032567049808429116 0.023668639053254437
1 0.2921455938697318 0.48372781065088755 0.03065134099616858 0.023668639053254437
1 0.3879310344827586 0.16715976331360946 0.0210727969348659 0.07100591715976332
1 0.40229885057471265 0.22041420118343194 0.05172413793103448 0.038461538461538464
1 0.4559386973180077 0.08284023668639054 0.032567049808429116 0.026627218934911243
1 0.23659003831417624 0.0650887573964497 0.019157088122605363 0.05029585798816568
1 0.5344827586206896 0.5754437869822485 0.044061302681992334 0.12130177514792899
1 0.5431034482758621 0.4378698224852071 0.019157088122605363 0.05621301775147929
1 0.592911877394636 0.4245562130177515 0.03065134099616858 0.026627218934911243
1 0.6206896551724138 0.4896449704142012 0.032567049808429116 0.023668639053254437
1 0.5632183908045977 0.07100591715976332 0.0210727969348659 0.05325443786982249
1 0.7183908045977011 0.17011834319526628 0.0210727969348659 0.07396449704142012
1 0.7318007662835249 0.22485207100591717 0.04980842911877394 0.03550295857988166
1 0.7883141762452107 0.08727810650887574 0.034482758620689655 0.03254437869822485