1 0.20023980815347722 0.42411467116357504 0.05275779376498801 0.01854974704890388
1 0.1642685851318945 0.5261382799325464 0.06954436450839328 0.023608768971332208
1 0.20863309352517986 0.5033726812816189 0.07434052757793765 0.025295109612141653
1 0.3069544364508393 0.760539629005059 0.05275779376498801 0.01854974704890388
1 0.35731414868105515 0.7521079258010118 0.03117505995203837 0.03541315345699832
1 0.3213429256594724 0.7225969645868465 0.05275779376498801 0.01854974704890388
1 0.35611510791366907 0.6568296795952783 0.03597122302158273 0.048903878583473864
1 0.3057553956834532 0.6399662731871838 0.05515587529976019 0.02023608768971332
1 0.30455635491606714 0.40978077571669475 0.03117505995203837 0.0387858347386172
1 0.38609112709832133 0.29595278246205736 0.03597122302158273 0.05227655986509275
1 0.38848920863309355 0.2436762225969646 0.03836930455635491 0.047217537942664416
1 0.6642685851318945 0.4317032040472175 0.05515587529976019 0.02023608768971332
1 0.670263788968825 0.5118043844856661 0.07194244604316546 0.023608768971332208
1 0.6306954436450839 0.5354131534569984 0.07673860911270983 0.023608768971332208
1 0.7709832134292566 0.7681281618887015 0.05275779376498801 0.021922428330522766
1 0.8213429256594724 0.7588532883642496 0.03117505995203837 0.03541315345699832
1 0.7829736211031175 0.730185497470489 0.05275779376498801 0.02023608768971332
1 0.8201438848920863 0.663575042158516 0.03597122302158273 0.050590219224283306
1 0.7697841726618705 0.6467116357504216 0.05275779376498801 0.02023608768971332
1 0.7685851318944844 0.41652613827993257 0.02877697841726619 0.03709949409780776
1 0.8501199040767387 0.30185497470489037 0.03597122302158273 0.048903878583473864
1 0.8513189448441247 0.25042158516020235 0.03597122302158273 0.048903878583473864
0 0.3597122302158273 0.6172006745362564 0.05275779376498801 0.016863406408094434
0 0.3057553956834532 0.5236087689713322 0.03117505995203837 0.03709949409780776
0 0.8237410071942446 0.6231028667790893 0.050359712230215826 0.021922428330522766
0 0.7673860911270983 0.53035413153457 0.02877697841726619 0.03541315345699832
4 0.31894484412470026 0.6930860033726813 0.05995203836930456 0.03541315345699832
4 0.7829736211031175 0.6998313659359191 0.05995203836930456 0.03541315345699832
3 0.18705035971223022 0.26812816188870153 0.1606714628297362 0.09274873524451939
3 0.30455635491606714 0.5868465430016864 0.06474820143884892 0.07925801011804384
3 0.41606714628297364 0.5160202360876898 0.15827338129496402 0.10623946037099494
3 0.6522781774580336 0.2774030354131535 0.15827338129496402 0.09274873524451939
3 0.7697841726618705 0.5935919055649241 0.05995203836930456 0.08094435075885328
3 0.8788968824940048 0.5227655986509275 0.15587529976019185 0.1045531197301855
2 0.6091127098321343 0.7209106239460371 0.08872901678657075 0.09443507588532883
2 0.580335731414868 0.5615514333895447 0.08872901678657075 0.03372681281618887
2 0.14148681055155876 0.7124789207419899 0.08872901678657075 0.09949409780775717
2 0.11510791366906475 0.5497470489038786 0.08872901678657075 0.0387858347386172