1 0.6558752997601919 0.9814502529510961 0.05995203836930456 0.03709949409780776
1 0.7110311750599521 0.9806070826306914 0.05995203836930456 0.0387858347386172
1 0.7565947242206235 0.9198988195615514 0.0815347721822542 0.05564924114671164
1 0.8105515587529976 0.9342327150084317 0.05755395683453238 0.04215851602023609
1 0.7805755395683454 0.606239460370995 0.05515587529976019 0.04047217537942664
1 0.6966426858513189 0.6930860033726813 0.07194244604316546 0.05227655986509275
1 0.6918465227817746 0.654300168634064 0.07673860911270983 0.05564924114671164
1 0.3537170263788969 0.7748735244519392 0.05515587529976019 0.04047217537942664
1 0.328537170263789 0.7436762225969646 0.05755395683453238 0.04047217537942664
1 0.38489208633093525 0.7419898819561551 0.05515587529976019 0.04047217537942664
1 0.4304556354916067 0.6804384485666105 0.07673860911270983 0.05227655986509275
1 0.48201438848920863 0.6947723440134908 0.05755395683453238 0.04215851602023609
1 0.7266187050359713 0.5421585160202361 0.06235011990407674 0.04215851602023609
1 0.7913669064748201 0.42327150084317033 0.07913669064748201 0.05396290050590219
1 0.8453237410071942 0.38701517706576727 0.07673860911270983 0.05227655986509275
1 0.4628297362110312 0.3684654300168634 0.05755395683453238 0.04215851602023609
1 0.37410071942446044 0.4190556492411467 0.07194244604316546 0.05396290050590219
1 0.3752997601918465 0.45531197301854975 0.07673860911270983 0.05564924114671164
1 0.03477218225419664 0.5379426644182125 0.05755395683453238 0.04215851602023609
1 0.02038369304556355 0.5042158516020236 0.0407673860911271 0.04047217537942664
1 0.0671462829736211 0.5059021922428331 0.05755395683453238 0.04047217537942664
1 0.11270983213429256 0.4418212478920742 0.07673860911270983 0.05227655986509275
1 0.1642685851318945 0.45699831365935917 0.05755395683453238 0.04047217537942664
1 0.4088729016786571 0.30354131534569984 0.05755395683453238 0.04047217537942664
1 0.4748201438848921 0.18465430016863407 0.07673860911270983 0.05227655986509275
1 0.5287769784172662 0.14924114671163574 0.07673860911270983 0.05227655986509275
1 0.14388489208633093 0.12731871838111297 0.05275779376498801 0.0387858347386172
1 0.05875299760191847 0.17959527824620575 0.0671462829736211 0.050590219224283306
1 0.05995203836930456 0.21416526138279932 0.07434052757793765 0.05396290050590219
0 0.7973621103117506 0.8895446880269815 0.05995203836930456 0.04384485666104553
0 0.9328537170263789 0.8566610455311973 0.05995203836930456 0.04047217537942664
0 0.47002398081534774 0.6517706576728499 0.05275779376498801 0.0387858347386172
0 0.605515587529976 0.6172006745362564 0.05995203836930456 0.04047217537942664
0 0.15347721822541965 0.4131534569983137 0.05755395683453238 0.04047217537942664
0 0.28896882494004794 0.3802698145025295 0.05755395683453238 0.0387858347386172
4 0.7458033573141487 0.9629005059021922 0.07913669064748201 0.05564924114671164
4 0.4172661870503597 0.7234401349072512 0.07673860911270983 0.05564924114671164
4 0.09952038369304557 0.4856661045531197 0.07673860911270983 0.05564924114671164
3 0.8657074340527577 0.897133220910624 0.12949640287769784 0.08768971332209106
3 0.8645083932853717 0.7942664418212478 0.22062350119904076 0.1551433389544688
3 0.9256594724220624 0.5084317032040472 0.1486810551558753 0.1467116357504216
3 0.539568345323741 0.6602023608768971 0.12709832134292565 0.08768971332209106
3 0.539568345323741 0.554806070826307 0.2182254196642686 0.15345699831365936
3 0.6330935251798561 0.2715008431703204 0.2038369304556355 0.14502529510961215
3 0.22062350119904076 0.42158516020236086 0.12470023980815348 0.08600337268128162
3 0.22182254196642687 0.31703204047217537 0.2158273381294964 0.15177065767284992
3 0.31654676258992803 0.05227655986509275 0.19664268585131894 0.1045531197301855
2 0.06474820143884892 0.2571669477234401 0.09352517985611511 0.06745362563237774
2 0.19304556354916066 0.5910623946037099 0.15827338129496402 0.10961214165261383
2 0.381294964028777 0.4991568296795953 0.09592326139088729 0.06913996627318718
2 0.5155875299760192 0.8296795952782462 0.16546762589928057 0.11298482293423272
2 0.7050359712230215 0.7344013490725126 0.10071942446043165 0.07251264755480608