1 0.1442925659472422 0.029561551433389545 0.030575539568345324 0.03762225969645869
1 0.15551558752997602 0.06716694772344013 0.053932853717026386 0.0224451939291737
1 0.19800959232613907 0.04156829679595278 0.03100719424460433 0.03887015177065767
1 0.29194244604316544 0.06716694772344013 0.07597122302158271 0.026239460370994946
1 0.3180095923261391 0.03129848229342327 0.029208633093525196 0.03919055649241147
1 0.6454676258992806 0.032866779089376054 0.05664268585131896 0.02465430016863406
1 0.8032374100719424 0.09261382799325464 0.0737170263788969 0.02844856661045532
1 0.8776258992805755 0.09308600337268129 0.06877697841726607 0.027504215851602027
1 0.6074820143884891 0.2893760539629005 0.025611510791366855 0.03698145025295111
1 0.4634292565947242 0.26408094435075885 0.03326139088729018 0.04962900505902194
1 0.49465227817745805 0.2953794266441821 0.03551558752997602 0.052782462057335604
1 0.12995203836930455 0.3644856661045531 0.027458033573141492 0.036863406408094455
1 0.14148681055155876 0.3996964586846543 0.05103117505995204 0.022242833052276555
1 0.18378896882494006 0.3743338954468802 0.02745803357314146 0.0370657672849916
1 0.2767146282973621 0.3987183811129848 0.06961630695443645 0.02458684654300166
1 0.30124700239808155 0.3636087689713322 0.029400479616306933 0.038617200674536216
1 0.6280335731414868 0.3627318718381113 0.05604316546762591 0.022040472175379414
1 0.7904556354916067 0.41979763912310286 0.07350119904076734 0.024974704890387816
1 0.8650839328537171 0.42155143338954465 0.06796163069544373 0.027301854974704887
1 0.5965947242206235 0.6158516020236088 0.02858513189448445 0.03843170320404716
1 0.48316546762589924 0.6197470489038786 0.033932853717026326 0.05023608768971326
1 0.44940047961630697 0.5921079258010118 0.03287769784172657 0.054266441821247804
1 0.11906474820143885 0.6902192242833053 0.030455635491606722 0.03676222596964579
1 0.1315347721822542 0.725716694772344 0.050599520383693065 0.021753794266441782
1 0.17242206235011992 0.6991568296795954 0.028297362110311777 0.03676222596964579
1 0.26714628297362114 0.7247048903878583 0.07146282973621106 0.02580101180438441
1 0.2910071942446043 0.6894603709949411 0.02997601918465228 0.03726812816188874
1 0.6190647482014388 0.6887015177065767 0.05155875299760192 0.02091062394603706
1 0.78189448441247 0.7465430016863406 0.06978417266187056 0.02563237774030362
1 0.8546762589928057 0.746964586846543 0.0705035971223021 0.024789207419898898
1 0.5894484412470025 0.9443676222596964 0.02990407673860918 0.03397976391231044
1 0.4774580335731415 0.9461551433389546 0.032302158273381364 0.047301854974704814
1 0.44474820143884897 0.9186509274873524 0.03522781774580335 0.05124789207419916
0 0.3500719424460431 0.07072512647554806 0.030383693045563587 0.038060708263069135
0 0.4823501199040767 0.031349072512647555 0.052973621103117444 0.02116357504215852
0 0.33350119904076736 0.40158516020236085 0.02491606714628294 0.036391231028667766
0 0.4664748201438849 0.36315345699831364 0.0523021582733813 0.02219224283305232
0 0.3245083932853717 0.7276728499156829 0.030167865707434016 0.03541315345699832
0 0.4566426858513189 0.6883642495784148 0.04980815347721818 0.020623946037099525
4 0.2420863309352518 0.04006745362563238 0.05059952038369303 0.04433389544688027
4 0.22544364508393286 0.3728161888701518 0.04925659472422061 0.04224283305227658
4 0.21623501199040768 0.6991905564924115 0.05033573141486813 0.04148397976391235
3 0.394748201438849 0.03269814502529511 0.11676258992805755 0.044620573355817886
3 0.49045563549160676 0.10942664418212479 0.15232613908872897 0.11075885328836427
3 0.8294244604316547 0.2799494097807757 0.13081534772182243 0.11379426644182128
3 0.3769544364508393 0.36278246205733555 0.11251798561151083 0.04485666104553124
3 0.47678657074340525 0.44097807757166946 0.15091127098321344 0.11069139966273185
3 0.8166906474820144 0.6066947723440135 0.13258992805755387 0.11192242833052278
3 0.36729016786570745 0.6899325463743676 0.11496402877697841 0.042040472175379345
3 0.46714628297362115 0.7662225969645868 0.14858513189448436 0.10892074198988201
3 0.8068345323741007 0.9311298482293423 0.12501199040767386 0.10892074198988182
2 0.17882494004796162 0.9051096121416526 0.14148681055155876 0.05905564924114668
2 0.40776978417266185 0.8853119730185498 0.05026378896882489 0.058853288364249634
2 0.18621103117505997 0.5767116357504216 0.13494004796163073 0.06198988195615513
2 0.4123021582733813 0.5566779089376054 0.04858513189448439 0.06241146711635749
2 0.19832134292565948 0.248212478920742 0.14095923261390889 0.06300168634064084
2 0.4288729016786571 0.22913996627318717 0.055347721822541926 0.06180438448566609