1 0.8561151079136691 0.9704890387858347 0.03117505995203837 0.03709949409780776
1 0.8441247002398081 0.9325463743676222 0.05275779376498801 0.021922428330522766
1 0.802158273381295 0.9586846543001686 0.03117505995203837 0.0387858347386172
1 0.7086330935251799 0.9325463743676222 0.07673860911270983 0.026981450252951095
1 0.6822541966426858 0.9688026981450253 0.02877697841726619 0.0387858347386172
1 0.354916067146283 0.9671163575042159 0.05755395683453238 0.025295109612141653
1 0.19664268585131894 0.9072512647554806 0.07434052757793765 0.02866779089376054
1 0.1223021582733813 0.9072512647554806 0.06954436450839328 0.026981450252951095
1 0.3920863309352518 0.7107925801011804 0.026378896882494004 0.03709949409780776
1 0.5371702637889688 0.7360876897133221 0.03357314148681055 0.048903878583473864
1 0.5047961630695443 0.7048903878583473 0.03597122302158273 0.05227655986509275
1 0.8705035971223022 0.6357504215851602 0.026378896882494004 0.03709949409780776
1 0.8585131894484412 0.6003372681281619 0.050359712230215826 0.021922428330522766
1 0.8165467625899281 0.6256323777403036 0.026378896882494004 0.03709949409780776
1 0.7230215827338129 0.6011804384485666 0.06954436450839328 0.025295109612141653
1 0.6990407673860911 0.636593591905565 0.02877697841726619 0.0387858347386172
1 0.37170263788968827 0.6374367622259697 0.05515587529976019 0.021922428330522766
1 0.20983213429256595 0.5801011804384486 0.07434052757793765 0.025295109612141653
1 0.1354916067146283 0.5784148397976391 0.0671462829736211 0.026981450252951095
1 0.4028776978417266 0.3844856661045531 0.02877697841726619 0.0387858347386172
1 0.5167865707434053 0.3802698145025295 0.03357314148681055 0.050590219224283306
1 0.5503597122302158 0.40809443507588533 0.03357314148681055 0.05396290050590219
1 0.8812949640287769 0.3094435075885329 0.03117505995203837 0.03709949409780776
1 0.86810551558753 0.2740303541315346 0.050359712230215826 0.021922428330522766
1 0.8273381294964028 0.30101180438448566 0.02877697841726619 0.03709949409780776
1 0.7326139088729017 0.2748735244519393 0.07194244604316546 0.025295109612141653
1 0.7086330935251799 0.3102866779089376 0.02877697841726619 0.03709949409780776
1 0.381294964028777 0.3111298482293423 0.05275779376498801 0.02023608768971332
1 0.2182254196642686 0.25379426644182124 0.06954436450839328 0.025295109612141653
1 0.145083932853717 0.25295109612141653 0.06954436450839328 0.025295109612141653
1 0.41007194244604317 0.05564924114671164 0.02877697841726619 0.03372681281618887
1 0.5227817745803357 0.05396290050590219 0.03117505995203837 0.047217537942664416
1 0.5551558752997602 0.08094435075885328 0.03597122302158273 0.050590219224283306
0 0.6498800959232613 0.9291736930860034 0.03117505995203837 0.0387858347386172
0 0.5179856115107914 0.9688026981450253 0.05275779376498801 0.021922428330522766
0 0.6666666666666666 0.5986509274873525 0.023980815347721823 0.03709949409780776
0 0.5335731414868106 0.636593591905565 0.05275779376498801 0.021922428330522766
0 0.6750599520383693 0.2723440134907251 0.03117505995203837 0.03541315345699832
0 0.5431654676258992 0.31197301854974707 0.050359712230215826 0.02023608768971332
4 0.7577937649880095 0.9595278246205734 0.050359712230215826 0.04384485666104553
4 0.7745803357314148 0.627318718381113 0.050359712230215826 0.04215851602023609
4 0.7841726618705036 0.30101180438448566 0.050359712230215826 0.04215851602023609
3 0.605515587529976 0.9671163575042159 0.11750599520383694 0.04384485666104553
3 0.5095923261390888 0.8903878583473862 0.15347721822541965 0.11129848229342328
3 0.17026378896882494 0.7200674536256324 0.13189448441247004 0.11298482293423272
3 0.6235011990407674 0.6374367622259697 0.11270983213429256 0.045531197301854974
3 0.5227817745803357 0.5590219224283305 0.1510791366906475 0.11129848229342328
3 0.18345323741007194 0.39291736930860033 0.13189448441247004 0.11129848229342328
3 0.6330935251798561 0.3102866779089376 0.11510791366906475 0.04215851602023609
3 0.5323741007194245 0.23355817875210794 0.1486810551558753 0.10961214165261383
3 0.19304556354916066 0.06913996627318718 0.12470023980815348 0.10961214165261383
2 0.8213429256594724 0.09527824620573355 0.14148681055155876 0.05902192242833052
2 0.592326139088729 0.11467116357504216 0.050359712230215826 0.05902192242833052
2 0.8141486810551559 0.42327150084317033 0.1342925659472422 0.06239460370994941
2 0.5875299760191847 0.44350758853288363 0.047961630695443645 0.06239460370994941
2 0.802158273381295 0.7521079258010118 0.14148681055155876 0.06239460370994941
2 0.5707434052757794 0.7706576728499157 0.05515587529976019 0.06239460370994941