1 0.4490114464099896 0.13194444444444445 0.01768990634755463 0.07341269841269842
1 0.4464099895941727 0.20833333333333334 0.01768990634755463 0.07539682539682539
1 0.4854318418314256 0.3878968253968254 0.014568158168574402 0.051587301587301584
1 0.4724245577523413 0.7301587301587301 0.027055150884495317 0.02976190476190476
1 0.44432882414151925 0.75 0.018730489073881373 0.07539682539682539
1 0.46045785639958375 0.8521825396825397 0.027055150884495317 0.02976190476190476
1 0.43912591050988553 0.8928571428571429 0.01664932362122789 0.05357142857142857
1 0.4667013527575442 0.9077380952380952 0.029136316337148804 0.031746031746031744
1 0.3007284079084287 0.5515873015873016 0.03954214360041623 0.03571428571428571
1 0.27991675338189387 0.5138888888888888 0.04058272632674298 0.03571428571428571
1 0.2866805411030177 0.3958333333333333 0.029136316337148804 0.031746031746031744
1 0.6971904266389178 0.1597222222222222 0.01768990634755463 0.07738095238095238
1 0.6945889698231009 0.2371031746031746 0.019771071800208116 0.07341269841269842
1 0.7320499479708636 0.4126984126984127 0.015608740894901144 0.051587301587301584
1 0.7200832466181062 0.7490079365079365 0.02809573361082206 0.027777777777777776
1 0.6930280957336108 0.7698412698412699 0.01768990634755463 0.07539682539682539
1 0.7081165452653486 0.871031746031746 0.02809573361082206 0.02976190476190476
1 0.6878251821019771 0.9117063492063492 0.015608740894901144 0.051587301587301584
1 0.7133194588969823 0.9275793650793651 0.02809573361082206 0.031746031746031744
1 0.5530697190426639 0.5734126984126984 0.03850156087408949 0.03373015873015873
1 0.536420395421436 0.5357142857142857 0.030176899063475548 0.03571428571428571
1 0.5395421436004162 0.42063492063492064 0.027055150884495317 0.02976190476190476
4 0.4620187304890739 0.808531746031746 0.031217481789802288 0.05555555555555555
4 0.7112382934443289 0.8263888888888888 0.03225806451612903 0.05555555555555555
2 0.32726326742976064 0.5952380952380952 0.046826222684703434 0.05357142857142857
2 0.3064516129032258 0.8323412698412699 0.04994797086368366 0.15476190476190477
2 0.5790842872008325 0.6150793650793651 0.046826222684703434 0.051587301587301584
2 0.5608740894901144 0.8511904761904762 0.04890738813735692 0.1488095238095238
0 0.4791883454734651 0.5555555555555556 0.015608740894901144 0.05357142857142857
0 0.7263267429760666 0.5783730158730159 0.01664932362122789 0.05357142857142857
0 0.6925078043704475 0.7123015873015873 0.026014568158168574 0.027777777777777776
0 0.44432882414151925 0.6904761904761905 0.026014568158168574 0.02976190476190476
3 0.3022892819979188 0.16567460317460317 0.08740894901144641 0.125
3 0.4198751300728408 0.5476190476190477 0.08324661810613944 0.14682539682539683
3 0.4750260145681582 0.6488095238095238 0.03329864724245578 0.12301587301587301
3 0.7237252861602498 0.6706349206349206 0.03433922996878252 0.11904761904761904
3 0.6690946930280958 0.5694444444444444 0.08324661810613944 0.14484126984126985
3 0.5551508844953174 0.19543650793650794 0.08428720083246619 0.12103174603174603