1 0.5577523413111343 0.1359126984126984 0.01664932362122789 0.07142857142857142
1 0.558792924037461 0.2123015873015873 0.01664932362122789 0.07341269841269842
1 0.5166493236212278 0.3888888888888889 0.013527575442247659 0.051587301587301584
1 0.5234131113423517 0.7321428571428571 0.027055150884495317 0.027777777777777776
1 0.5509885535900104 0.753968253968254 0.01768990634755463 0.07341269841269842
1 0.5332986472424558 0.8541666666666666 0.027055150884495317 0.027777777777777776
1 0.5535900104058272 0.8968253968253969 0.015608740894901144 0.051587301587301584
1 0.5260145681581686 0.9097222222222222 0.02809573361082206 0.02976190476190476
1 0.6982310093652445 0.564484126984127 0.03850156087408949 0.03373015873015873
1 0.7195629552549427 0.5287698412698413 0.03954214360041623 0.03373015873015873
1 0.7148803329864725 0.4097222222222222 0.02809573361082206 0.02976190476190476
1 0.3090530697190427 0.14682539682539683 0.01664932362122789 0.07539682539682539
1 0.3100936524453694 0.22420634920634921 0.018730489073881373 0.07142857142857142
1 0.2695109261186264 0.3968253968253968 0.014568158168574402 0.051587301587301584
1 0.2757544224765869 0.7341269841269841 0.02809573361082206 0.025793650793650792
1 0.3022892819979188 0.7569444444444444 0.01664932362122789 0.07341269841269842
1 0.2851196670135276 0.8571428571428571 0.02809573361082206 0.027777777777777776
1 0.3048907388137357 0.8988095238095238 0.014568158168574402 0.051587301587301584
1 0.27887617065556713 0.9126984126984127 0.027055150884495317 0.02976190476190476
1 0.445369406867846 0.5694444444444444 0.037460978147762745 0.031746031746031744
1 0.4630593132154006 0.5337301587301587 0.029136316337148804 0.03373015873015873
1 0.4620187304890739 0.4176587301587302 0.027055150884495317 0.027777777777777776
4 0.532258064516129 0.810515873015873 0.030176899063475548 0.05357142857142857
4 0.28303850156087407 0.8125 0.031217481789802288 0.05357142857142857
2 0.6706555671175859 0.6071428571428571 0.045785639958376693 0.0496031746031746
2 0.6873048907388137 0.8452380952380952 0.046826222684703434 0.15079365079365079
2 0.41883454734651404 0.6101190476190477 0.045785639958376693 0.047619047619047616
2 0.4328824141519251 0.8472222222222222 0.045785639958376693 0.14682539682539683
0 0.5197710718002081 0.5565476190476191 0.014568158168574402 0.05357142857142857
0 0.2721123829344433 0.5634920634920635 0.015608740894901144 0.051587301587301584
0 0.30385015608740895 0.6994047619047619 0.026014568158168574 0.025793650793650792
0 0.5520291363163371 0.6944444444444444 0.026014568158168574 0.027777777777777776
3 0.7039542143600416 0.17857142857142858 0.08532778355879292 0.11904761904761904
3 0.5790842872008325 0.5525793650793651 0.08116545265348596 0.14087301587301587
3 0.522372528616025 0.6507936507936508 0.031217481789802288 0.12103174603174603
3 0.27315296566077 0.6557539682539683 0.03225806451612903 0.11706349206349206
3 0.3298647242455775 0.558531746031746 0.08116545265348596 0.1388888888888889
3 0.4505723204994797 0.19146825396825398 0.08220603537981269 0.11507936507936507