1 0.9219562955254943 0.4722222222222222 0.014568158168574402 0.051587301587301584
1 0.9099895941727367 0.41964285714285715 0.03954214360041623 0.02976190476190476
1 0.855879292403746 0.4513888888888889 0.013527575442247659 0.0496031746031746
1 0.8350676378772113 0.41369047619047616 0.027055150884495317 0.027777777777777776
1 0.8267429760665973 0.4662698412698413 0.015608740894901144 0.051587301587301584
1 0.6909469302809573 0.3898809523809524 0.037460978147762745 0.031746031746031744
1 0.6508844953173777 0.3878968253968254 0.03850156087408949 0.031746031746031744
1 0.5582726326742976 0.46825396825396826 0.027055150884495317 0.025793650793650792
1 0.37825182101977106 0.45535714285714285 0.014568158168574402 0.051587301587301584
1 0.3668054110301769 0.4027777777777778 0.03850156087408949 0.03373015873015873
1 0.3142559833506764 0.4365079365079365 0.014568158168574402 0.051587301587301584
1 0.2918834547346514 0.3978174603174603 0.027055150884495317 0.02976190476190476
1 0.2851196670135276 0.4503968253968254 0.015608740894901144 0.05357142857142857
1 0.46618106139438087 0.12202380952380952 0.01768990634755463 0.07341269841269842
1 0.48491155046826223 0.08134920634920635 0.01768990634755463 0.07539682539682539
1 0.5473465140478668 0.09027777777777778 0.015608740894901144 0.05357142857142857
1 0.14828303850156088 0.375 0.03954214360041623 0.031746031746031744
1 0.10718002081165452 0.3740079365079365 0.03850156087408949 0.03571428571428571
1 0.016129032258064516 0.45436507936507936 0.02809573361082206 0.031746031746031744
1 0.9021852237252862 0.8968253968253969 0.03954214360041623 0.031746031746031744
1 0.9146722164412071 0.9474206349206349 0.014568158168574402 0.051587301587301584
1 0.8491155046826223 0.9275793650793651 0.015608740894901144 0.051587301587301584
1 0.8277835587929241 0.8888888888888888 0.02809573361082206 0.02976190476190476
1 0.8194588969823101 0.9404761904761905 0.015608740894901144 0.05555555555555555
1 0.6852237252861603 0.8640873015873016 0.03954214360041623 0.031746031746031744
1 0.6446409989594173 0.8621031746031746 0.037460978147762745 0.03571428571428571
1 0.5541103017689907 0.939484126984127 0.027055150884495317 0.027777777777777776
1 0.37721123829344433 0.9275793650793651 0.013527575442247659 0.05357142857142857
1 0.36524453694068676 0.876984126984127 0.03850156087408949 0.031746031746031744
1 0.31269510926118627 0.9097222222222222 0.014568158168574402 0.05357142857142857
1 0.29084287200832465 0.8720238095238095 0.027055150884495317 0.027777777777777776
1 0.28355879292403746 0.9216269841269841 0.015608740894901144 0.051587301587301584
1 0.463579604578564 0.6041666666666666 0.01664932362122789 0.07142857142857142
1 0.48231009365244537 0.5704365079365079 0.01768990634755463 0.05555555555555555
1 0.5431841831425598 0.5724206349206349 0.014568158168574402 0.051587301587301584
1 0.14880332986472425 0.8511904761904762 0.03850156087408949 0.03571428571428571
1 0.10822060353798127 0.8501984126984127 0.03850156087408949 0.03373015873015873
1 0.01716961498439126 0.9305555555555556 0.027055150884495317 0.02976190476190476
1 0.005202913631633715 0.5575396825396826 0.01040582726326743 0.051587301587301584
4 0.8792924037460979 0.45436507936507936 0.029136316337148804 0.057539682539682536
4 0.33714880332986474 0.4384920634920635 0.02809573361082206 0.057539682539682536
4 0.33610822060353795 0.9136904761904762 0.02809573361082206 0.05952380952380952
4 0.8720083246618107 0.9315476190476191 0.027055150884495317 0.057539682539682536
2 0.8668054110301769 0.15674603174603174 0.07700312174817898 0.08531746031746032
2 0.858480749219563 0.6428571428571429 0.07492195629552549 0.0873015873015873
2 0.9838709677419355 0.6736111111111112 0.027055150884495317 0.08531746031746032
2 0.44380853277835586 0.1746031746031746 0.026014568158168574 0.0873015873015873
2 0.3189386056191467 0.14285714285714285 0.07908428720083246 0.08928571428571429
2 0.4422476586888658 0.6547619047619048 0.02497398543184183 0.0873015873015873
2 0.31789802289282 0.626984126984127 0.07700312174817898 0.0873015873015873
3 0.9640998959417274 0.4732142857142857 0.06555671175858481 0.05952380952380952
0 0.9417273673257024 0.4166666666666667 0.014568158168574402 0.05357142857142857
0 0.9334027055150884 0.8948412698412699 0.014568158168574402 0.051587301587301584
0 0.4703433922996878 0.4623015873015873 0.02809573361082206 0.027777777777777776
0 0.4667013527575442 0.9345238095238095 0.027055150884495317 0.02976190476190476
0 0.39542143600416235 0.8740079365079365 0.013527575442247659 0.0496031746031746
0 0.3980228928199792 0.4007936507936508 0.014568158168574402 0.0496031746031746
3 0.6685744016649323 0.1111111111111111 0.062434963579604576 0.1626984126984127
3 0.4724245577523413 0.3492063492063492 0.07388137356919876 0.15476190476190477
3 0.4209157127991675 0.4573412698412698 0.06347554630593132 0.05952380952380952
3 0.11602497398543184 0.09821428571428571 0.06451612903225806 0.16468253968253968
3 0.11966701352757544 0.5803571428571429 0.06451612903225806 0.15873015873015872
3 0.4183142559833507 0.9325396825396826 0.061394380853277836 0.061507936507936505
3 0.46930280957336107 0.8244047619047619 0.07284079084287201 0.15476190476190477
3 0.6618106139438086 0.5942460317460317 0.060353798126951096 0.15674603174603174