1 0.5577523413111343 0.8640873015873016 0.01664932362122789 0.07142857142857142
1 0.558792924037461 0.7876984126984127 0.01664932362122789 0.07341269841269842
1 0.5166493236212278 0.6111111111111112 0.013527575442247659 0.051587301587301584
1 0.5234131113423517 0.26785714285714285 0.027055150884495317 0.027777777777777776
1 0.5509885535900104 0.24603174603174602 0.01768990634755463 0.07341269841269842
1 0.5332986472424558 0.14583333333333334 0.027055150884495317 0.027777777777777776
1 0.5535900104058272 0.10317460317460317 0.015608740894901144 0.051587301587301584
1 0.5260145681581686 0.09027777777777778 0.02809573361082206 0.02976190476190476
1 0.6982310093652445 0.435515873015873 0.03850156087408949 0.03373015873015873
1 0.7195629552549427 0.4712301587301587 0.03954214360041623 0.03373015873015873
1 0.7148803329864725 0.5902777777777778 0.02809573361082206 0.02976190476190476
1 0.3090530697190427 0.8531746031746031 0.01664932362122789 0.07539682539682539
1 0.3100936524453694 0.7757936507936508 0.018730489073881373 0.07142857142857142
1 0.2695109261186264 0.6031746031746031 0.014568158168574402 0.051587301587301584
1 0.2757544224765869 0.26587301587301587 0.02809573361082206 0.025793650793650792
1 0.3022892819979188 0.24305555555555555 0.01664932362122789 0.07341269841269842
1 0.2851196670135276 0.14285714285714285 0.02809573361082206 0.027777777777777776
1 0.3048907388137357 0.10119047619047619 0.014568158168574402 0.051587301587301584
1 0.27887617065556713 0.0873015873015873 0.027055150884495317 0.02976190476190476
1 0.445369406867846 0.4305555555555556 0.037460978147762745 0.031746031746031744
1 0.4630593132154006 0.4662698412698413 0.029136316337148804 0.03373015873015873
1 0.4620187304890739 0.5823412698412699 0.027055150884495317 0.027777777777777776
4 0.532258064516129 0.18948412698412698 0.030176899063475548 0.05357142857142857
4 0.28303850156087407 0.1875 0.031217481789802288 0.05357142857142857
2 0.6706555671175859 0.39285714285714285 0.045785639958376693 0.0496031746031746
2 0.6873048907388137 0.15476190476190477 0.046826222684703434 0.15079365079365079
2 0.41883454734651404 0.3898809523809524 0.045785639958376693 0.047619047619047616
2 0.4328824141519251 0.1527777777777778 0.045785639958376693 0.14682539682539683
0 0.5197710718002081 0.44345238095238093 0.014568158168574402 0.05357142857142857
0 0.2721123829344433 0.4365079365079365 0.015608740894901144 0.051587301587301584
0 0.30385015608740895 0.3005952380952381 0.026014568158168574 0.025793650793650792
0 0.5520291363163371 0.3055555555555556 0.026014568158168574 0.027777777777777776
3 0.7039542143600416 0.8214285714285714 0.08532778355879292 0.11904761904761904
3 0.5790842872008325 0.44742063492063494 0.08116545265348596 0.14087301587301587
3 0.522372528616025 0.3492063492063492 0.031217481789802288 0.12103174603174603
3 0.27315296566077 0.34424603174603174 0.03225806451612903 0.11706349206349206
3 0.3298647242455775 0.44146825396825395 0.08116545265348596 0.1388888888888889
3 0.4505723204994797 0.808531746031746 0.08220603537981269 0.11507936507936507