1 0.9094693028095734 0.3055555555555556 0.019771071800208116 0.05555555555555555
1 0.8922996878251821 0.25892857142857145 0.04162330905306972 0.04563492063492063
1 0.8428720083246618 0.3115079365079365 0.018730489073881373 0.05357142857142857
1 0.8184183142559833 0.28273809523809523 0.029136316337148804 0.037698412698412696
1 0.8158168574401665 0.3373015873015873 0.02081165452653486 0.057539682539682536
1 0.6748178980228928 0.31646825396825395 0.04058272632674298 0.04563492063492063
1 0.6352757544224766 0.33035714285714285 0.04162330905306972 0.04563492063492063
1 0.5535900104058272 0.44543650793650796 0.029136316337148804 0.03571428571428571
1 0.3761706555671176 0.5049603174603174 0.019771071800208116 0.05555555555555555
1 0.3590010405827263 0.4573412698412698 0.04162330905306972 0.047619047619047616
1 0.31113423517169614 0.5119047619047619 0.019771071800208116 0.05555555555555555
1 0.2851196670135276 0.48214285714285715 0.030176899063475548 0.03968253968253968
1 0.2845993756503642 0.5367063492063492 0.02081165452653486 0.05952380952380952
1 0.4255983350676379 0.14384920634920634 0.02497398543184183 0.07936507936507936
1 0.4396462018730489 0.09623015873015874 0.026014568158168574 0.08134920634920635
1 0.5015608740894901 0.08035714285714286 0.02081165452653486 0.05952380952380952
1 0.1425598335067638 0.5168650793650794 0.04162330905306972 0.047619047619047616
1 0.10197710718002082 0.5327380952380952 0.04162330905306972 0.0496031746031746
1 0.021852237252861603 0.6468253968253969 0.031217481789802288 0.041666666666666664
1 0.9365244536940687 0.7291666666666666 0.04162330905306972 0.047619047619047616
1 0.9542143600416233 0.7728174603174603 0.019771071800208116 0.05555555555555555
1 0.8881373569198752 0.7797619047619048 0.02081165452653486 0.057539682539682536
1 0.8631633714880333 0.75 0.031217481789802288 0.03968253968253968
1 0.8605619146722164 0.8045634920634921 0.02081165452653486 0.061507936507936505
1 0.7211238293444329 0.7827380952380952 0.04162330905306972 0.047619047619047616
1 0.6810613943808532 0.7966269841269841 0.04058272632674298 0.0496031746031746
1 0.600936524453694 0.9087301587301587 0.029136316337148804 0.037698412698412696
1 0.4266389177939646 0.9672619047619048 0.018730489073881373 0.057539682539682536
1 0.4094693028095734 0.9226190476190477 0.04162330905306972 0.04563492063492063
1 0.36160249739854317 0.9732142857142857 0.019771071800208116 0.05357142857142857
1 0.33610822060353795 0.9464285714285714 0.029136316337148804 0.037698412698412696
1 0.3340270551508845 0.9841269841269841 0.02081165452653486 0.031746031746031744
1 0.4755463059313215 0.6160714285714286 0.023933402705515087 0.07738095238095238
1 0.4906347554630593 0.5763888888888888 0.022892819979188347 0.061507936507936505
1 0.5499479708636836 0.5535714285714286 0.019771071800208116 0.05555555555555555
1 0.19458896982310095 0.9791666666666666 0.04162330905306972 0.041666666666666664
1 0.1550468262226847 0.9871031746031746 0.04162330905306972 0.025793650793650792
1 0.022372528616024973 0.751984126984127 0.015608740894901144 0.05555555555555555
4 0.8662851196670135 0.30456349206349204 0.03433922996878252 0.06746031746031746
4 0.3340270551508845 0.503968253968254 0.03329864724245578 0.06746031746031746
4 0.3844953173777315 0.9672619047619048 0.03433922996878252 0.06547619047619048
4 0.9110301768990635 0.7748015873015873 0.03225806451612903 0.06746031746031746
2 0.8215400624349636 0.037698412698412696 0.08428720083246619 0.07539682539682539
2 0.8662851196670135 0.498015873015873 0.08324661810613944 0.11507936507936507
2 0.9869927159209158 0.4771825396825397 0.026014568158168574 0.09325396825396826
2 0.4094693028095734 0.20436507936507936 0.03537981269510926 0.09523809523809523
2 0.28407908428720086 0.2222222222222222 0.08740894901144641 0.11904761904761904
2 0.46045785639958375 0.6746031746031746 0.03433922996878252 0.09523809523809523
2 0.3355879292403746 0.6964285714285714 0.08532778355879292 0.11507936507936507
3 0.951092611862643 0.2896825396825397 0.07075962539021852 0.08333333333333333
0 0.922996878251821 0.24305555555555555 0.019771071800208116 0.057539682539682536
0 0.9672216441207075 0.7142857142857143 0.019771071800208116 0.05555555555555555
0 0.4667013527575442 0.4751984126984127 0.030176899063475548 0.037698412698412696
0 0.5145681581685744 0.9384920634920635 0.030176899063475548 0.03968253968253968
0 0.4386056191467222 0.9077380952380952 0.018730489073881373 0.05357142857142857
0 0.3891779396462019 0.44345238095238093 0.019771071800208116 0.05357142857142857
3 0.6222684703433923 0.07242063492063493 0.07908428720083246 0.14484126984126985
3 0.45681581685744016 0.3630952380952381 0.08949011446409989 0.18055555555555555
3 0.4177939646201873 0.49007936507936506 0.06867845993756504 0.08333333333333333
3 0.08064516129032258 0.25892857142857145 0.08116545265348596 0.1865079365079365
3 0.1368366285119667 0.7291666666666666 0.08012486992715921 0.18055555555555555
3 0.4672216441207076 0.9553571428571429 0.06659729448491156 0.08531746031746032
3 0.5052029136316337 0.8293650793650794 0.08844953173777315 0.18055555555555555
3 0.6685744016649323 0.5277777777777778 0.07596253902185224 0.1765873015873016