4 0.19865625 0.13017291066282421 0.05403125000000002 0.05945244956772333
4 0.19421874999999997 0.6306628242074928 0.049687500000000016 0.05853025936599424
3 0.36578125 0.08657060518731988 0.12484375000000006 0.06426512968299711
3 0.36628125 0.14746397694524496 0.12678124999999998 0.06201729106628241
3 0.5448125 0.22354466858789623 0.16934375 0.14544668587896253
3 0.78696875 0.4223342939481268 0.12724999999999992 0.16017291066282416
3 0.36046875 0.5874063400576369 0.12484374999999996 0.05844380403458222
3 0.36046875 0.6447550432276656 0.12387499999999996 0.05533141210374636
3 0.53971875 0.7161383285302594 0.17271874999999995 0.1392219020172909
3 0.7792187499999998 0.9111239193083575 0.12337500000000005 0.1552737752161383
1 0.10565625000000001 0.049193083573487034 0.12728124999999996 0.06268011527377522
1 0.199375 0.18518731988472623 0.03296875000000003 0.04899135446685879
1 0.25334375 0.06685878962536022 0.05437500000000002 0.029625360230547553
1 0.27168749999999997 0.1428242074927954 0.03171875000000002 0.05394812680115273
1 0.6475625 0.10657060518731988 0.05024999999999995 0.028501440922190202
1 0.48484375 0.3582420749279539 0.036250000000000074 0.0736887608069164
1 0.54478125 0.3394236311239193 0.07949999999999999 0.03685878962536021
1 0.63334375 0.4418155619596542 0.03253125000000008 0.05622478386167144
1 0.10293749999999999 0.554149855907781 0.12809375000000003 0.06285302593659943
1 0.25046875 0.569971181556196 0.05809375000000001 0.033746397694524435
1 0.26396875 0.6457060518731988 0.029281250000000016 0.056945244956772306
1 0.19328125 0.6868299711815562 0.030656250000000006 0.048933717579250774
1 0.64415625 0.6014121037463976 0.05581250000000004 0.03164265129683003
1 0.48081250000000003 0.8499135446685879 0.04118750000000002 0.07213256484149848
1 0.5416562500000001 0.8306916426512968 0.07593750000000003 0.03628242074927963
1 0.62309375 0.9344956772334293 0.03203125 0.056541786743515864
0 0.52 0.10501440922190201 0.05296874999999997 0.02965417867435156
0 0.508 0.41544668587896255 0.08149999999999995 0.03674351585014409
0 0.5134375 0.6 0.05343750000000007 0.03089337175792515
0 0.5014375 0.9051873198847263 0.08193749999999991 0.03590778097982719
2 0.278625 0.3539769452449567 0.15553125000000004 0.08680115273775217
2 0.4383125 0.30354466858789625 0.0453125 0.0847838616714697
2 0.27453125 0.8513544668587897 0.15665625 0.08746397694524502
2 0.4326875 0.796657060518732 0.04837500000000006 0.08002881844380398