1 0.3406408094435076 0.9478114478114478 0.03035413153456998 0.10437710437710437
1 0.28920741989881954 0.9124579124579124 0.05227655986509275 0.05387205387205387
0 0.3448566610455312 0.8518518518518519 0.050590219224283306 0.050505050505050504
3 0.2917369308600337 0.7592592592592593 0.06239460370994941 0.22895622895622897
3 0.40219224283305227 0.5841750841750841 0.15851602023608768 0.2828282828282828
0 0.28920741989881954 0.5774410774410774 0.026981450252951095 0.10101010101010101
1 0.28836424957841483 0.25084175084175087 0.025295109612141653 0.10437710437710437
1 0.6644182124789207 0.3265993265993266 0.045531197301854974 0.04377104377104377
1 0.6694772344013491 0.5505050505050505 0.05227655986509275 0.05387205387205387
1 0.6264755480607083 0.6127946127946128 0.06408094435075885 0.050505050505050504
2 0.5733558178752108 0.6952861952861953 0.08094435075885328 0.09090909090909091