1 0.02997601918465228 0.5431211498973306 0.05995203836930456 0.026694045174537988
1 0.06115107913669065 0.5133470225872689 0.06954436450839328 0.030800821355236138
1 0.05995203836930456 0.41683778234086244 0.05515587529976019 0.026694045174537988
1 0.1630695443645084 0.8305954825462012 0.05515587529976019 0.026694045174537988
1 0.2146282973621103 0.8213552361396304 0.03117505995203837 0.043121149897330596
1 0.17865707434052758 0.784394250513347 0.05755395683453238 0.022587268993839837
1 0.21342925659472423 0.702258726899384 0.03836930455635491 0.06365503080082136
1 0.1606714628297362 0.6806981519507187 0.05515587529976019 0.026694045174537988
1 0.1642685851318945 0.3993839835728953 0.03117505995203837 0.04722792607802875
1 0.2446043165467626 0.2597535934291581 0.03836930455635491 0.06365503080082136
1 0.24580335731414868 0.19507186858316222 0.03836930455635491 0.061601642710472276
1 0.5251798561151079 0.42813141683778233 0.05275779376498801 0.022587268993839837
1 0.5287769784172662 0.5256673511293635 0.07194244604316546 0.028747433264887063
1 0.4892086330935252 0.5523613963039015 0.07673860911270983 0.028747433264887063
1 0.6330935251798561 0.839835728952772 0.05515587529976019 0.024640657084188913
1 0.6834532374100719 0.8295687885010267 0.03117505995203837 0.04722792607802875
1 0.6462829736211031 0.7926078028747433 0.05995203836930456 0.024640657084188913
1 0.6822541966426858 0.7104722792607803 0.03836930455635491 0.061601642710472276
1 0.6294964028776978 0.6899383983572895 0.05515587529976019 0.026694045174537988
1 0.6270983213429256 0.4086242299794661 0.02877697841726619 0.04722792607802875
1 0.7086330935251799 0.2669404517453799 0.03836930455635491 0.061601642710472276
1 0.7122302158273381 0.2032854209445585 0.03836930455635491 0.061601642710472276
1 0.9832134292565947 0.433264887063655 0.03357314148681055 0.024640657084188913
1 0.9808153477218226 0.5308008213552361 0.03836930455635491 0.030800821355236138
1 0.9580335731414868 0.5605749486652978 0.07434052757793765 0.03285420944558522
4 0.17386091127098321 0.7474332648870636 0.06474820143884892 0.043121149897330596
4 0.645083932853717 0.75564681724846 0.06235011990407674 0.045174537987679675
0 0.21942446043165467 0.6519507186858317 0.05515587529976019 0.024640657084188913
0 0.1630695443645084 0.5379876796714579 0.03117505995203837 0.043121149897330596
0 0.6858513189448441 0.660164271047228 0.050359712230215826 0.02053388090349076
0 0.6294964028776978 0.5462012320328542 0.02877697841726619 0.045174537987679675
2 0.017985611510791366 0.7731006160164271 0.03597122302158273 0.12525667351129363
2 0.47002398081534774 0.7802874743326489 0.08872901678657075 0.11909650924024641
2 0.43884892086330934 0.5852156057494866 0.08633093525179857 0.043121149897330596
2 0.9448441247002398 0.7895277207392197 0.09112709832134293 0.12114989733059549
2 0.9088729016786571 0.5954825462012321 0.08633093525179857 0.043121149897330596
3 0.06115107913669065 0.22792607802874743 0.1223021582733813 0.10677618069815195
3 0.16546762589928057 0.6149897330595483 0.06235011990407674 0.10061601642710473
3 0.2745803357314149 0.5328542094455853 0.1606714628297362 0.11909650924024641
3 0.5107913669064749 0.23819301848049282 0.15827338129496402 0.10472279260780287
3 0.6306954436450839 0.6232032854209446 0.06235011990407674 0.09856262833675565
3 0.737410071942446 0.5420944558521561 0.16546762589928057 0.12320328542094455
3 0.9496402877697842 0.24537987679671458 0.10071942446043165 0.10061601642710473