4 0.9015625 0.7780979827089337 0.065625 0.04899135446685879
4 0.3578125 0.7824207492795389 0.0625 0.04610951008645533
3 0.9484375 0.6239193083573487 0.06875 0.11527377521613832
3 0.8828125 0.6239193083573487 0.06875 0.11815561959654179
3 0.8 0.45821325648414984 0.15625 0.15561959654178675
3 0.584375 0.23487031700288186 0.175 0.11815561959654179
3 0.4046875 0.6282420749279539 0.0625 0.11527377521613832
3 0.34375 0.6282420749279539 0.059375 0.11527377521613832
3 0.265625 0.46397694524495675 0.15 0.1585014409221902
3 0.06875 0.24063400576368876 0.1375 0.11239193083573487
1 0.9765625 0.8631123919308358 0.046875 0.11815561959654179
1 0.840625 0.776657060518732 0.053125 0.03170028818443804
1 0.9703125 0.7276657060518732 0.03125 0.04899135446685879
1 0.8875 0.7103746397694525 0.059375 0.02881844380403458
1 0.9265625 0.3645533141210375 0.03125 0.04610951008645533
1 0.653125 0.5144092219020173 0.08125 0.0345821325648415
1 0.6734375 0.45821325648414984 0.040625 0.07204610951008646
1 0.5625 0.37752161383285304 0.0625 0.02881844380403458
1 0.440625 0.8659942363112392 0.06875 0.11815561959654179
1 0.4234375 0.7305475504322767 0.0375 0.05475504322766571
1 0.3421875 0.7175792507204611 0.0625 0.025936599423631124
1 0.296875 0.7824207492795389 0.053125 0.02881844380403458
1 0.390625 0.36743515850144093 0.034375 0.05187319884726225
1 0.1203125 0.5172910662824207 0.078125 0.037463976945244955
1 0.140625 0.4610951008645533 0.040625 0.069164265129683
1 0.0296875 0.3861671469740634 0.059375 0.02881844380403458
0 0.928125 0.4812680115273775 0.03125 0.04899135446685879
0 0.5921875 0.49279538904899134 0.040625 0.07492795389048991
0 0.3921875 0.48703170028818443 0.034375 0.04899135446685879
0 0.0609375 0.49855907780979825 0.0375 0.07492795389048991
2 0.6578125 0.7046109510086456 0.09375 0.1440922190201729
2 0.7125 0.5561959654178674 0.090625 0.040345821325648415
2 0.11875 0.707492795389049 0.09375 0.1440922190201729
2 0.178125 0.5619596541786743 0.0875 0.043227665706051875