1 0.5503597122302158 0.9086242299794661 0.03117505995203837 0.06365503080082136
1 0.5155875299760192 0.8757700205338809 0.03597122302158273 0.059548254620123205
1 0.4028776978417266 0.8767967145790554 0.03117505995203837 0.04722792607802875
1 0.8860911270983214 0.7885010266940452 0.03117505995203837 0.04722792607802875
1 0.8752997601918465 0.74435318275154 0.050359712230215826 0.026694045174537988
1 0.8321342925659473 0.7751540041067762 0.026378896882494004 0.049281314168377825
1 0.7362110311750599 0.7453798767967146 0.07434052757793765 0.03285420944558522
1 0.7110311750599521 0.7905544147843943 0.03117505995203837 0.04722792607802875
1 0.3824940047961631 0.7874743326488707 0.05515587529976019 0.026694045174537988
1 0.21942446043165467 0.7186858316221766 0.07434052757793765 0.03285420944558522
1 0.14388489208633093 0.7176591375770021 0.07194244604316546 0.03285420944558522
1 0.41606714628297364 0.4784394250513347 0.026378896882494004 0.045174537987679675
1 0.5299760191846523 0.4753593429158111 0.03357314148681055 0.061601642710472276
1 0.5611510791366906 0.5092402464065708 0.03357314148681055 0.06570841889117043
1 0.8968824940047961 0.3860369609856263 0.02877697841726619 0.04722792607802875
1 0.8848920863309353 0.34291581108829566 0.05515587529976019 0.026694045174537988
1 0.841726618705036 0.37474332648870634 0.02877697841726619 0.0513347022587269
1 0.7458033573141487 0.34394250513347024 0.07194244604316546 0.03285420944558522
1 0.7218225419664268 0.3891170431211499 0.03117505995203837 0.04722792607802875
1 0.3932853717026379 0.39117043121149897 0.05515587529976019 0.024640657084188913
1 0.2278177458033573 0.3213552361396304 0.07194244604316546 0.03285420944558522
1 0.15347721822541965 0.3182751540041068 0.07194244604316546 0.03285420944558522
1 0.42326139088729015 0.07700205338809035 0.02877697841726619 0.045174537987679675
1 0.5359712230215827 0.07186858316221766 0.03597122302158273 0.06365503080082136
1 0.5707434052757794 0.10780287474332649 0.03836930455635491 0.06365503080082136
4 0.7889688249400479 0.7792607802874744 0.050359712230215826 0.055441478439425054
4 0.7985611510791367 0.3757700205338809 0.05275779376498801 0.053388090349075976
0 0.6774580335731415 0.7402464065708418 0.02877697841726619 0.04722792607802875
0 0.5443645083932853 0.7885010266940452 0.050359712230215826 0.026694045174537988
0 0.6870503597122302 0.3408624229979466 0.023980815347721823 0.043121149897330596
0 0.5539568345323741 0.3891170431211499 0.05275779376498801 0.024640657084188913
2 0.8189448441247003 0.9342915811088296 0.14628297362110312 0.07597535934291581
2 0.5887290167865707 0.9548254620123203 0.05275779376498801 0.07392197125256673
2 0.8273381294964028 0.5256673511293635 0.13908872901678657 0.07597535934291581
2 0.5995203836930456 0.5523613963039015 0.050359712230215826 0.07392197125256673
2 0.8381294964028777 0.11909650924024641 0.14148681055155876 0.07802874743326489
2 0.6115107913669064 0.14989733059548255 0.050359712230215826 0.07392197125256673
3 0.18225419664268586 0.891170431211499 0.12470023980815348 0.1375770020533881
3 0.6342925659472423 0.7864476386036962 0.11750599520383694 0.053388090349075976
3 0.5383693045563549 0.6930184804928131 0.13908872901678657 0.1375770020533881
3 0.19424460431654678 0.49075975359342916 0.1223021582733813 0.13552361396303902
3 0.6438848920863309 0.38809034907597534 0.11510791366906475 0.053388090349075976
3 0.5491606714628298 0.29671457905544146 0.14388489208633093 0.14168377823408623
3 0.2026378896882494 0.09137577002053388 0.11750599520383694 0.13347022587268995