1 0.2529976019184652 0.14784394250513347 0.05995203836930456 0.06981519507186858
1 0.3009592326139089 0.16529774127310062 0.06235011990407674 0.06776180698151951
1 0.40167865707434053 0.12320328542094455 0.05275779376498801 0.053388090349075976
1 0.016786570743405275 0.37782340862423 0.03357314148681055 0.053388090349075976
1 0.039568345323741004 0.41478439425051333 0.05995203836930456 0.043121149897330596
1 0.06354916067146282 0.37063655030800824 0.047961630695443645 0.053388090349075976
1 0.1642685851318945 0.36344969199178645 0.08393285371702638 0.057494866529774126
1 0.16546762589928057 0.3131416837782341 0.05275779376498801 0.053388090349075976
1 0.46402877697841727 0.1971252566735113 0.06235011990407674 0.045174537987679675
1 0.6462829736211031 0.2002053388090349 0.08393285371702638 0.057494866529774126
1 0.7158273381294964 0.1735112936344969 0.0815347721822542 0.055441478439425054
1 0.5863309352517986 0.4887063655030801 0.045563549160671464 0.0513347022587269
1 0.4844124700239808 0.5328542094455853 0.05995203836930456 0.06776180698151951
1 0.44004796163069543 0.5133470225872689 0.06235011990407674 0.07186858316221766
1 0.19664268585131894 0.7464065708418891 0.050359712230215826 0.053388090349075976
1 0.2290167865707434 0.7813141683778234 0.06235011990407674 0.045174537987679675
1 0.2517985611510791 0.7371663244353183 0.050359712230215826 0.057494866529774126
1 0.3537170263788969 0.7299794661190965 0.0815347721822542 0.055441478439425054
1 0.3537170263788969 0.6806981519507187 0.05275779376498801 0.053388090349075976
1 0.6498800959232613 0.5595482546201233 0.06235011990407674 0.043121149897330596
1 0.8345323741007195 0.5636550308008214 0.0815347721822542 0.055441478439425054
1 0.9040767386091128 0.5390143737166324 0.0815347721822542 0.055441478439425054
1 0.7781774580335732 0.8552361396303901 0.047961630695443645 0.0513347022587269
1 0.6786570743405276 0.9014373716632443 0.06474820143884892 0.06981519507186858
1 0.6294964028776978 0.8809034907597536 0.0671462829736211 0.07186858316221766
4 0.10071942446043165 0.351129363449692 0.07194244604316546 0.06776180698151951
4 0.290167865707434 0.7207392197125256 0.07434052757793765 0.06776180698151951
0 0.22062350119904076 0.3459958932238193 0.050359712230215826 0.053388090349075976
0 0.31774580335731417 0.2546201232032854 0.05995203836930456 0.043121149897330596
0 0.4088729016786571 0.7114989733059548 0.04316546762589928 0.04722792607802875
0 0.5059952038369304 0.6201232032854209 0.05995203836930456 0.04106776180698152
2 0.0407673860911271 0.22073921971252566 0.0815347721822542 0.12114989733059549
2 0.19544364508393286 0.12012320328542095 0.08393285371702638 0.08624229979466119
2 0.1906474820143885 0.5954825462012321 0.1630695443645084 0.11909650924024641
2 0.38369304556354916 0.4887063655030801 0.0815347721822542 0.08624229979466119
2 0.381294964028777 0.9527720739219713 0.16786570743405277 0.0944558521560575
2 0.5719424460431655 0.8572895277207392 0.0815347721822542 0.08624229979466119
3 0.5935251798561151 0.057494866529774126 0.17985611510791366 0.11498973305954825
3 0.23741007194244604 0.28850102669404515 0.13189448441247004 0.09034907597535935
3 0.37050359712230213 0.33880903490759756 0.19424460431654678 0.17453798767967146
3 0.7817745803357314 0.3973305954825462 0.1774580335731415 0.16632443531827515
3 0.4244604316546763 0.6540041067761807 0.12949640287769784 0.09034907597535935
3 0.5563549160671463 0.702258726899384 0.2014388489208633 0.1806981519507187
3 0.9424460431654677 0.7618069815195072 0.11510791366906475 0.16427104722792607