1 0.3129496402877698 0.12217659137577003 0.06235011990407674 0.06776180698151951
1 0.3009592326139089 0.16529774127310062 0.06474820143884892 0.06776180698151951
1 0.2014388489208633 0.2104722792607803 0.05515587529976019 0.053388090349075976
1 0.6738609112709832 0.08726899383983573 0.05515587529976019 0.053388090349075976
1 0.6894484412470024 0.13039014373716631 0.05995203836930456 0.045174537987679675
1 0.6342925659472423 0.12114989733059549 0.050359712230215826 0.053388090349075976
1 0.5671462829736211 0.1868583162217659 0.08393285371702638 0.059548254620123205
1 0.5203836930455635 0.15811088295687886 0.05515587529976019 0.053388090349075976
1 0.23501199040767387 0.29774127310061604 0.06235011990407674 0.04722792607802875
1 0.13069544364508393 0.42505133470225875 0.08393285371702638 0.059548254620123205
1 0.06474820143884892 0.45790554414784396 0.0815347721822542 0.059548254620123205
1 0.43884892086330934 0.553388090349076 0.047961630695443645 0.0513347022587269
1 0.5407673860911271 0.5092402464065708 0.06474820143884892 0.06776180698151951
1 0.5479616306954437 0.46611909650924027 0.0671462829736211 0.07186858316221766
1 0.9112709832134293 0.4353182751540041 0.05275779376498801 0.053388090349075976
1 0.9256594724220624 0.47741273100616016 0.06235011990407674 0.04722792607802875
1 0.8693045563549161 0.4681724845995893 0.05515587529976019 0.057494866529774126
1 0.8033573141486811 0.5349075975359343 0.0815347721822542 0.059548254620123205
1 0.7565947242206235 0.5051334702258727 0.05515587529976019 0.053388090349075976
1 0.46882494004796166 0.6396303901437371 0.06235011990407674 0.045174537987679675
1 0.36330935251798563 0.768993839835729 0.0815347721822542 0.059548254620123205
1 0.2997601918465228 0.8028747433264887 0.0815347721822542 0.059548254620123205
1 0.6726618705035972 0.9014373716632443 0.050359712230215826 0.0513347022587269
1 0.7733812949640287 0.8593429158110883 0.0671462829736211 0.06981519507186858
1 0.7841726618705036 0.8141683778234087 0.06954436450839328 0.07186858316221766
4 0.5947242206235012 0.13552361396303902 0.07434052757793765 0.06981519507186858
4 0.8309352517985612 0.48459958932238195 0.07673860911270983 0.06776180698151951
0 0.5191846522781774 0.2166324435318275 0.05275779376498801 0.053388090349075976
0 0.3752997601918465 0.22895277207392198 0.05995203836930456 0.045174537987679675
0 0.7541966426858513 0.5616016427104723 0.045563549160671464 0.04722792607802875
0 0.6103117505995204 0.5749486652977412 0.05995203836930456 0.043121149897330596
2 0.5335731414868106 0.02566735112936345 0.17026378896882494 0.0513347022587269
2 0.32014388489208634 0.06570841889117043 0.08872901678657075 0.08624229979466119
2 0.7721822541966427 0.34188911704312114 0.16546762589928057 0.12320328542094455
2 0.5575539568345323 0.4127310061601643 0.08633093525179857 0.08624229979466119
2 0.9640287769784173 0.6919917864476386 0.07194244604316546 0.1273100616016427
2 0.7961630695443646 0.7597535934291582 0.08633093525179857 0.08624229979466119
3 0.046762589928057555 0.28952772073921973 0.09352517985611511 0.17248459958932238
3 0.4556354916067146 0.19404517453798767 0.13189448441247004 0.0944558521560575
3 0.4244604316546763 0.31519507186858314 0.19904076738609114 0.17864476386036962
3 0.23741007194244604 0.6344969199178645 0.18465227817745802 0.16837782340862423
3 0.6894484412470024 0.5379876796714579 0.13189448441247004 0.0944558521560575
3 0.658273381294964 0.6570841889117043 0.20623501199040767 0.18275154004106775
3 0.47002398081534774 0.9486652977412731 0.1774580335731415 0.1026694045174538