1 0.44964028776978415 0.9086242299794661 0.03117505995203837 0.06365503080082136
1 0.4844124700239808 0.8757700205338809 0.03597122302158273 0.059548254620123205
1 0.5971223021582733 0.8767967145790554 0.03117505995203837 0.04722792607802875
1 0.11390887290167866 0.7885010266940452 0.03117505995203837 0.04722792607802875
1 0.12470023980815348 0.74435318275154 0.050359712230215826 0.026694045174537988
1 0.16786570743405277 0.7751540041067762 0.026378896882494004 0.049281314168377825
1 0.2637889688249401 0.7453798767967146 0.07434052757793765 0.03285420944558522
1 0.28896882494004794 0.7905544147843943 0.03117505995203837 0.04722792607802875
1 0.617505995203837 0.7874743326488707 0.05515587529976019 0.026694045174537988
1 0.7805755395683454 0.7186858316221766 0.07434052757793765 0.03285420944558522
1 0.8561151079136691 0.7176591375770021 0.07194244604316546 0.03285420944558522
1 0.5839328537170264 0.4784394250513347 0.026378896882494004 0.045174537987679675
1 0.47002398081534774 0.4753593429158111 0.03357314148681055 0.061601642710472276
1 0.43884892086330934 0.5092402464065708 0.03357314148681055 0.06570841889117043
1 0.10311750599520383 0.3860369609856263 0.02877697841726619 0.04722792607802875
1 0.11510791366906475 0.34291581108829566 0.05515587529976019 0.026694045174537988
1 0.15827338129496402 0.37474332648870634 0.02877697841726619 0.0513347022587269
1 0.2541966426858513 0.34394250513347024 0.07194244604316546 0.03285420944558522
1 0.27817745803357313 0.3891170431211499 0.03117505995203837 0.04722792607802875
1 0.6067146282973621 0.39117043121149897 0.05515587529976019 0.024640657084188913
1 0.7721822541966427 0.3213552361396304 0.07194244604316546 0.03285420944558522
1 0.8465227817745803 0.3182751540041068 0.07194244604316546 0.03285420944558522
1 0.5767386091127098 0.07700205338809035 0.02877697841726619 0.045174537987679675
1 0.46402877697841727 0.07186858316221766 0.03597122302158273 0.06365503080082136
1 0.4292565947242206 0.10780287474332649 0.03836930455635491 0.06365503080082136
4 0.21103117505995203 0.7792607802874744 0.050359712230215826 0.055441478439425054
4 0.2014388489208633 0.3757700205338809 0.05275779376498801 0.053388090349075976
0 0.3225419664268585 0.7402464065708418 0.02877697841726619 0.04722792607802875
0 0.4556354916067146 0.7885010266940452 0.050359712230215826 0.026694045174537988
0 0.3129496402877698 0.3408624229979466 0.023980815347721823 0.043121149897330596
0 0.4460431654676259 0.3891170431211499 0.05275779376498801 0.024640657084188913
2 0.18105515587529977 0.9342915811088296 0.14628297362110312 0.07597535934291581
2 0.41127098321342925 0.9548254620123203 0.05275779376498801 0.07392197125256673
2 0.17266187050359713 0.5256673511293635 0.13908872901678657 0.07597535934291581
2 0.40047961630695444 0.5523613963039015 0.050359712230215826 0.07392197125256673
2 0.1618705035971223 0.11909650924024641 0.14148681055155876 0.07802874743326489
2 0.38848920863309355 0.14989733059548255 0.050359712230215826 0.07392197125256673
3 0.8177458033573142 0.891170431211499 0.12470023980815348 0.1375770020533881
3 0.3657074340527578 0.7864476386036962 0.11750599520383694 0.053388090349075976
3 0.4616306954436451 0.6930184804928131 0.13908872901678657 0.1375770020533881
3 0.8057553956834532 0.49075975359342916 0.1223021582733813 0.13552361396303902
3 0.35611510791366907 0.38809034907597534 0.11510791366906475 0.053388090349075976
3 0.45083932853717024 0.29671457905544146 0.14388489208633093 0.14168377823408623
3 0.7973621103117506 0.09137577002053388 0.11750599520383694 0.13347022587268995