1 0.40387858347386174 0.016835016835016835 0.07251264755480608 0.03367003367003367
0 0.448566610455312 0.04882154882154882 0.050590219224283306 0.09764309764309764
3 0.5168634064080945 0.06397306397306397 0.12984822934232715 0.12794612794612795
3 0.5236087689713322 0.29292929292929293 0.20741989881956155 0.4208754208754209
0 0.5927487352445194 0.11447811447811448 0.05733558178752108 0.10437710437710437
1 0.7251264755480608 0.3047138047138047 0.05733558178752108 0.10101010101010101
1 0.8094435075885329 0.6363636363636364 0.0775716694772344 0.13804713804713806
1 0.8701517706576728 0.7272727272727273 0.07251264755480608 0.12794612794612795
3 0.6602023608768971 0.9511784511784511 0.1905564924114671 0.09764309764309764
1 0.47386172006745364 0.867003367003367 0.04384485666104553 0.09764309764309764
1 0.3802698145025295 0.7441077441077442 0.05227655986509275 0.11447811447811448
1 0.3802698145025295 0.6380471380471381 0.05733558178752108 0.13468013468013468
2 0.3777403035413153 0.5033670033670034 0.08431703204047218 0.18518518518518517
2 0.17706576728499157 0.27946127946127947 0.16020236087689713 0.2962962962962963