1 0.9190556492411467 0.734006734006734 0.0387858347386172 0.10774410774410774
1 0.8920741989881956 0.6430976430976431 0.05902192242833052 0.07744107744107744
1 0.863406408094435 0.734006734006734 0.03709949409780776 0.1111111111111111
1 0.7622259696458684 0.7037037037037037 0.07251264755480608 0.09090909090909091
1 0.7487352445193929 0.8164983164983165 0.0387858347386172 0.11447811447811448
4 0.8204047217537943 0.7525252525252525 0.06239460370994941 0.13804713804713806
0 0.7065767284991569 0.7222222222222222 0.03541315345699832 0.1111111111111111
3 0.6736930860033726 0.8468013468013468 0.12647554806070826 0.1717171717171717
3 0.5632377740303541 0.6717171717171717 0.1736930860033727 0.37037037037037035
0 0.5851602023608768 0.8922558922558923 0.05564924114671164 0.07407407407407407
1 0.42495784148397975 0.9646464646464646 0.05733558178752108 0.0707070707070707
1 0.24536256323777403 0.877104377104377 0.07588532883642496 0.09764309764309764
1 0.17200674536256325 0.9090909090909091 0.07251264755480608 0.09090909090909091
3 0.16779089376053963 0.3468013468013468 0.15177065767284992 0.36363636363636365
1 0.3785834738617201 0.21885521885521886 0.03204047217537943 0.09764309764309764
1 0.48650927487352447 0.15824915824915825 0.0387858347386172 0.11447811447811448
1 0.5269814502529511 0.22895622895622897 0.0387858347386172 0.13468013468013468
2 0.5784148397976391 0.31313131313131315 0.06239460370994941 0.17845117845117844
2 0.7951096121416527 0.15824915824915825 0.15177065767284992 0.2255892255892256