4 0.8015625 0.8703170028818443 0.053125 0.06051873198847262
4 0.80625 0.3688760806916426 0.05 0.05763688760806916
3 0.634375 0.9135446685878963 0.125 0.06340057636887608
3 0.634375 0.8530259365994236 0.128125 0.06340057636887608
3 0.4546875 0.776657060518732 0.16875 0.1440922190201729
3 0.2125 0.5778097982708934 0.128125 0.16138328530259366
3 0.6390625 0.41210374639769454 0.125 0.05763688760806916
3 0.6390625 0.3559077809798271 0.125 0.05475504322766571
3 0.4609375 0.2838616714697406 0.171875 0.138328530259366
3 0.2203125 0.0893371757925072 0.121875 0.15561959654178675
1 0.89375 0.9510086455331412 0.128125 0.06340057636887608
1 0.8 0.8141210374639769 0.034375 0.04899135446685879
1 0.746875 0.9337175792507204 0.053125 0.02881844380403458
1 0.728125 0.8573487031700289 0.03125 0.05475504322766571
1 0.353125 0.8933717579250721 0.05 0.02881844380403458
1 0.515625 0.6412103746397695 0.0375 0.07492795389048991
1 0.4546875 0.659942363112392 0.078125 0.037463976945244955
1 0.3671875 0.5576368876080692 0.03125 0.05763688760806916
1 0.896875 0.4452449567723343 0.128125 0.06340057636887608
1 0.75 0.42939481268011526 0.059375 0.0345821325648415
1 0.7359375 0.35446685878962536 0.028125 0.05763688760806916
1 0.80625 0.3126801152737752 0.03125 0.04899135446685879
1 0.35625 0.39913544668587897 0.05625 0.03170028818443804
1 0.51875 0.14985590778097982 0.040625 0.07204610951008646
1 0.4578125 0.17002881844380405 0.075 0.037463976945244955
1 0.3765625 0.06484149855907781 0.03125 0.05763688760806916
0 0.4796875 0.8948126801152738 0.053125 0.02881844380403458
0 0.4921875 0.5850144092219021 0.08125 0.037463976945244955
0 0.4859375 0.40057636887608067 0.053125 0.03170028818443804
0 0.4984375 0.09510086455331412 0.08125 0.0345821325648415
2 0.721875 0.6455331412103746 0.15625 0.08645533141210375
2 0.5609375 0.6959654178674352 0.04375 0.08357348703170028
2 0.725 0.1484149855907781 0.15625 0.08645533141210375
2 0.5671875 0.20317002881844382 0.046875 0.08069164265129683