1 0.4490887290167866 0.0915811088295688 0.03148681055155874 0.063347022587269
1 0.48431654676258995 0.12433264887063654 0.03599520383693043 0.05948665297741273
1 0.5970263788968825 0.12303901437371663 0.03148681055155874 0.04749486652977412
1 0.11345323741007195 0.21121149897330596 0.030983213429256598 0.046652977412731
1 0.12520383693045564 0.2552772073921971 0.05148681055155875 0.026098562628336743
1 0.16769784172661872 0.22490759753593428 0.02649880095923264 0.04835728952772076
1 0.2636450839328537 0.2548665297741273 0.07347721822541964 0.03209445585215605
1 0.28839328537170267 0.20971252566735113 0.030983213429256563 0.04792607802874744
1 0.6180335731414869 0.2127104722792608 0.05448441247002404 0.02739219712525668
1 0.7804556354916067 0.2816016427104723 0.07347721822541964 0.032525667351129314
1 0.8564268585131894 0.2826694045174538 0.07247002398081541 0.03295687885010269
1 0.58378896882494 0.5214784394250513 0.025995203836930394 0.04579055441478442
1 0.47007194244604317 0.524476386036961 0.032494004796163094 0.06119096509240249
1 0.43884892086330934 0.4902464065708419 0.03299760191846521 0.065482546201232
1 0.1029736211031175 0.6134907597535934 0.02899280575539569 0.04749486652977412
1 0.1157074340527578 0.6571457905544147 0.055467625899280566 0.02696098562628336
1 0.15769784172661871 0.625277207392197 0.028489208633093514 0.05049281314168384
1 0.2544124700239808 0.6560780287474333 0.07297362110311752 0.03338809034907596
1 0.2781534772182254 0.6109240246406571 0.03148681055155874 0.04665297741273106
1 0.6072661870503597 0.6090143737166324 0.05398081534772187 0.024825462012320394
1 0.7722062350119904 0.6789733059548255 0.07098321342925665 0.033819301848049335
1 0.8466906474820144 0.6813347022587269 0.07297362110311739 0.03338809034907596
1 0.5770263788968825 0.9225051334702259 0.02949640287769787 0.044928131416837776
1 0.46434052757793765 0.9282751540041068 0.036978417266187086 0.0641889117043121
1 0.4290887290167866 0.8923203285420944 0.0374820143884892 0.06334702258726904
4 0.21083932853717027 0.22080082135523615 0.04928057553956837 0.05455852156057493
4 0.20148681055155873 0.6240041067761807 0.05318944844124702 0.05429158110882968
0 0.32199040767386095 0.2593429158110883 0.02769784172661873 0.04636550308008216
0 0.4558992805755396 0.2113552361396304 0.05122302158273385 0.02659137577002051
0 0.3123980815347722 0.6592607802874744 0.02371702637889685 0.04365503080082134
0 0.44549160671462834 0.6106160164271047 0.05345323741007199 0.025154004106776182
2 0.1809112709832134 0.06562628336755646 0.1453956834532374 0.07527720739219712
2 0.410863309352518 0.0453593429158111 0.05184652278177459 0.07431211498973306
2 0.17302158273381296 0.47437371663244354 0.13976019184652277 0.07527720739219718
2 0.40043165467625896 0.4471252566735113 0.051294964028776945 0.07480492813141686
2 0.1617505995203837 0.8804722792607803 0.14201438848920864 0.0777002053388091
2 0.38860911270983217 0.849835728952772 0.05016786570743409 0.07431211498973317
3 0.8182494004796163 0.10845995893223818 0.12568345323741 0.1373305954825462
3 0.36621103117506 0.21303901437371664 0.11762589928057557 0.05404517453798766
3 0.4610791366906475 0.306776180698152 0.1399520383693046 0.13786447638603694
3 0.8060431654676259 0.5087679671457906 0.12321342925659472 0.13527720739219717
3 0.3556834532374101 0.6115195071868583 0.11462829736211035 0.05256673511293639
3 0.45143884892086333 0.7036139630390145 0.14467625899280573 0.1418891170431212
3 0.7968105515587529 0.9083778234086243 0.11848920863309345 0.1330800821355235