1 0.04560701497052029 0.06756844547563806 0.05472980230261102 0.016510440835266815
1 0.10329930056458414 0.06756844547563806 0.05427297076701316 0.017122969837587015
1 0.30328076611751664 0.029503480278422273 0.02006597911663963 0.02659860788863109
1 0.31490920520546234 0.05702088167053364 0.03967512669768136 0.01437122969837587
1 0.34683203917784655 0.036691415313225055 0.02143647372343324 0.026292343387470996
1 0.4243618881207511 0.05564733178654292 0.057007038290667014 0.016510440835266815
1 0.44328578839839594 0.0282830626450116 0.020065979116639546 0.02782366589327146
1 0.7096254953418852 0.025071925754060326 0.04013195823327926 0.014064965197215777
1 0.8414213933618696 0.06986078886310905 0.05655020675506912 0.0174292343387471
1 0.9011694208661238 0.06894663573085848 0.05746386982626491 0.0168167053364269
1 0.6854549540947981 0.22380510440835266 0.020979642187835344 0.025684454756380537
1 0.5951545872249533 0.2265568445475638 0.02371370971148924 0.03669141531322506
1 0.5680215626864132 0.2048491879350348 0.024170541247087136 0.03852436194895592
1 0.04515018343492243 0.31858468677494195 0.05746386982626489 0.017122969837586988
1 0.10466287348144444 0.3190440835266821 0.05517971214827559 0.016816705336426874
1 0.045835430738319236 0.5680742459396751 0.057007038290667035 0.017735498839907216
1 0.10397762617804764 0.5673085846867749 0.0565502067550692 0.016816705336426985
1 0.04993999286876673 0.8108352668213457 0.05427297076701314 0.015897911832946532
1 0.10740386269503162 0.8119071925754061 0.05517971214827559 0.016204176334106757
3 0.06042635311771774 0.46060324825986076 0.09713899652394624 0.08224593967517402
3 0.062253679260109204 0.708106728538283 0.09440492900029233 0.08132714617169379
3 0.06681507292615456 0.946737819025522 0.09349126592909661 0.08041299303944305
1 0.30546802013643976 0.2828399071925754 0.019802954899174146 0.026153132250580025
1 0.3164181336109219 0.30979582366589326 0.03991046415541356 0.013276102088167097
1 0.34792566618730814 0.2902830626450116 0.018300948183647876 0.026153132250580025
1 0.42474258106708257 0.30788399071925754 0.05611414028927119 0.015085846867749386
1 0.44289817376213114 0.28143387470997683 0.020405141923371433 0.026955916473317854
1 0.7054517163121047 0.2791183294663573 0.03901064446408441 0.013480278422273728
1 0.8361332222528276 0.32156380510440835 0.05611414028927136 0.01589327146171693
1 0.8953967314617506 0.3217679814385151 0.0564117729564033 0.016696055684454758
1 0.6827970251604105 0.47143387470997683 0.020107509256239327 0.025146171693735453
1 0.5926281703992984 0.4733457076566125 0.022806968330226766 0.033392111368909516
1 0.5671217429950842 0.4537308584686775 0.023402233664490648 0.03681206496519718
1 0.30454051368537743 0.5307285382830627 0.01905541238637763 0.025865429234338766
1 0.31531758491152706 0.5569002320185614 0.03932904220101632 0.01303016241299293
1 0.3467420572087136 0.5378051044083527 0.01989293686830711 0.025763341067285284
1 0.42336516477035574 0.5555359628770302 0.056508676615469336 0.015758700696055783
1 0.4419014504117358 0.5291647331786542 0.02034284671397168 0.026668213457076595
1 0.7029737513159829 0.5264408352668214 0.04068569342794336 0.01272853828306264
1 0.8343612696299025 0.5685800464037123 0.05610721859933803 0.015197215777262185
1 0.8934378932106265 0.5694524361948956 0.05461905526367833 0.014946635730858526
1 0.6805336325522211 0.7194153132250579 0.018951587037378183 0.025410672853828364
1 0.5904270730005087 0.7192900232018561 0.022294763275162444 0.03163805104408346
1 0.5646022478593626 0.7007331786542923 0.023409155354423974 0.03686774941995363
1 0.3028308562718521 0.7778283062645012 0.018577815780979924 0.02565661252900231
1 0.3141616626926658 0.8034849187935035 0.03901756615401773 0.012705336426914071
1 0.344817827407256 0.7850533642691415 0.019318436603843116 0.02565661252900231
1 0.4211779107514326 0.8024918793503479 0.05536659777647468 0.01569373549884001
1 0.44012257609887745 0.7755870069605569 0.019692207860241374 0.02565661252900231
1 0.701893967686388 0.7735962877030162 0.03938441572048275 0.012705336426914071
1 0.8319455998431804 0.8140742459396751 0.0535046631844168 0.01544315545243613
1 0.8897278674063772 0.814199535962877 0.053137813617951946 0.014696055684454867
1 0.6773704202527026 0.9575591647331786 0.017837194958116653 0.021921113689095106
1 0.5887520240366498 0.9592993039443155 0.022668534531560782 0.0313874709976798
1 0.5627403132673047 0.9408677494199535 0.023409155354423974 0.033879350348027915
3 0.05825986416859451 0.21092343387471 0.09870329844887225 0.08363341067285385
3 0.5016079477763903 0.02374477958236659 0.08229889330694884 0.0377122969837587
3 0.5809789662415528 0.08593503480278422 0.1101448519086188 0.08294199535962876
3 0.8633285420007673 0.2131183294663573 0.09513170644328893 0.08396751740139213
3 0.503601394477181 0.2806171693735499 0.08994043899331326 0.030547563805104372
3 0.5776081032440352 0.3374199535962877 0.1075076880440311 0.07986078886310899
3 0.8596323595763844 0.46230162412993037 0.08964280632618116 0.07966125290023207
3 0.503144562941583 0.5300185614849188 0.09008579448191258 0.029573085846867686
3 0.5787224953232967 0.5852018561484919 0.10657325990303551 0.0789187935034803
3 0.8564137737573995 0.7090301624129931 0.08985737871411355 0.07813921113689104
3 0.5007012063951277 0.77861716937355 0.08777395004418996 0.03367053364269146
3 0.5779541877407003 0.8310487238979118 0.10834521252596051 0.07824593967517401
3 0.8500665840885624 0.9468584686774942 0.08885373367378487 0.07512761020881675
2 0.35375372911114755 0.9334106728538283 0.10609566329763771 0.05090023201856142
2 0.5312950759003183 0.91707656612529 0.0328226536637134 0.0431183294663573
2 0.5334269563997749 0.674431554524362 0.03487147388397036 0.04248259860788872
2 0.35354607841314845 0.6909512761020882 0.10695395284936708 0.0490023201856149
2 0.355788705951538 0.4418932714617169 0.10610950667750436 0.04366589327146175
2 0.5351435355032336 0.4271322505800464 0.0360827696222981 0.04202784222737821
2 0.3563493628361355 0.19111832946635732 0.10786069423062948 0.045470997679814384
2 0.5365001867301605 0.17804176334106728 0.03467766656583795 0.042909512761020896
4 0.38157200095308424 0.035851508120649654 0.03681646875522797 0.02868213457076567
4 0.38265178458267923 0.28958700696055684 0.03798623435395592 0.028593967517401397
4 0.38191116375981604 0.5369095127610208 0.03621428173103076 0.028153132250580137
4 0.38034686183489 0.7839025522041763 0.03672648678609509 0.027809744779582424
0 0.46648729305482095 0.8040510440835267 0.0182317312843148 0.02371229698375865
0 0.5725967997323252 0.7744083526682134 0.038906819115084874 0.012584686774941956
0 0.46839075778647876 0.5572529002320186 0.018771623099112254 0.02444083526682128
0 0.5743687523552503 0.527522041763341 0.039176765022483684 0.012403712296983782
0 0.4700242766107377 0.30990719257540605 0.018771623099112254 0.025535962877030194
0 0.5755938914734446 0.2799953596287703 0.03945363261981566 0.012403712296983782
0 0.46988584281207174 0.05782366589327145 0.01795486368698283 0.025902552204176338
0 0.5774973562051025 0.026723897911832946 0.03945363261981566 0.01331786542923434