1 0.08812818645302258 0.624267578125 0.03860160233066278 0.01416015625
1 0.09213401310997815 0.563720703125 0.05462490895848507 0.01611328125
1 0.05972323379461034 0.545654296875 0.05753823743627094 0.01611328125
1 0.2294246176256373 0.195068359375 0.025491624180626365 0.03857421875
1 0.23015294974508377 0.23486328125 0.024763292061179897 0.037109375
1 0.6016023306627822 0.195556640625 0.026219956300072834 0.0380859375
1 0.6005098324836126 0.234619140625 0.024763292061179897 0.0380859375
1 0.9635833940276766 0.1982421875 0.02403495994173343 0.03662109375
1 0.9654042243262928 0.23681640625 0.02403495994173343 0.037109375
3 0.44136926438455937 0.205322265625 0.12235979606700656 0.06494140625
3 0.8102694828841952 0.20654296875 0.12163146394756008 0.0634765625
1 0.17625637290604515 0.36962890625 0.03932993445010925 0.01318359375
1 0.21631463947560087 0.376953125 0.019664967225054626 0.02685546875
1 0.18718135469774216 0.39794921875 0.03932993445010925 0.01220703125
1 0.213401310997815 0.449462890625 0.022578295702840496 0.03759765625
1 0.17407137654770574 0.461669921875 0.04005826656955572 0.013671875
1 0.1704297159504734 0.6376953125 0.02039329934450109 0.0263671875
1 0.2337946103423161 0.725341796875 0.02403495994173343 0.03759765625
1 0.23415877640203933 0.76513671875 0.024763292061179897 0.03759765625
1 0.4573925710123816 0.62255859375 0.037144938091769844 0.013671875
1 0.46030589949016754 0.56201171875 0.049526584122359794 0.01513671875
1 0.43080844865258555 0.544921875 0.05462490895848507 0.015625
1 0.5458849235251274 0.368896484375 0.03860160233066278 0.0126953125
1 0.5848506919155134 0.376220703125 0.019664967225054626 0.0263671875
1 0.5564457392571013 0.397216796875 0.03860160233066278 0.01318359375
1 0.5826656955571741 0.44873046875 0.023306627822286964 0.0380859375
1 0.5433357611070648 0.4609375 0.04005826656955572 0.013671875
1 0.5393299344501092 0.635986328125 0.018936635105608158 0.02734375
1 0.6023306627822287 0.72412109375 0.022578295702840496 0.03759765625
1 0.6034231609613984 0.763671875 0.022578295702840496 0.03662109375
1 0.8273852876911871 0.62109375 0.037873270211216316 0.0126953125
1 0.8270211216314639 0.560546875 0.04734158776402039 0.01513671875
1 0.7993445010924982 0.543212890625 0.055353241077931534 0.015625
1 0.91442097596504 0.367919921875 0.03860160233066278 0.0126953125
1 0.9526584122359796 0.37548828125 0.018936635105608158 0.0263671875
1 0.9253459577567371 0.39599609375 0.03860160233066278 0.01318359375
1 0.9512017479970867 0.447265625 0.023306627822286964 0.037109375
1 0.911143481427531 0.4599609375 0.03860160233066278 0.01318359375
1 0.9082301529497451 0.63525390625 0.018936635105608158 0.0263671875
1 0.9683175528040786 0.72265625 0.023306627822286964 0.03564453125
1 0.9686817188638019 0.76123046875 0.021849963583394028 0.03564453125
3 0.06882738528769118 0.203857421875 0.12454479242534595 0.06640625
3 0.0721048798252003 0.74365234375 0.12527312454479242 0.06396484375
3 0.1726147123088128 0.50244140625 0.045884923525127456 0.06005859375
3 0.2574654042243263 0.552001953125 0.11944646758922069 0.072265625
3 0.443918426802622 0.7412109375 0.11871813546977422 0.06005859375
3 0.5447924253459577 0.502197265625 0.04442825928623452 0.060546875
3 0.6270939548434086 0.552734375 0.11798980335032774 0.0712890625
3 0.8117261471230881 0.739013671875 0.11653313911143481 0.06005859375
3 0.9155134741442098 0.50048828125 0.050254916241806266 0.05908203125
3 0.9675892206846322 0.552001953125 0.06482155863073562 0.07275390625
2 0.760014566642389 0.5224609375 0.06336489439184267 0.0234375
2 0.7847778587035689 0.40185546875 0.07283321194464676 0.07177734375
2 0.41332847778587034 0.4033203125 0.06482155863073562 0.0712890625
2 0.3914785142024763 0.523681640625 0.06263656227239621 0.0244140625
2 0.03932993445010925 0.40380859375 0.06773488710852149 0.072265625
2 0.025855790240349598 0.5244140625 0.051711580480699196 0.0234375
4 0.18608885651857246 0.42138671875 0.04297159504734159 0.025390625
4 0.5549890750182083 0.4208984375 0.04224326292789512 0.0244140625
4 0.9235251274581209 0.419677734375 0.041514930808448654 0.0244140625
0 0.953386744355426 0.4775390625 0.035688273852876914 0.01220703125
0 0.9093226511289147 0.548583984375 0.018936635105608158 0.02587890625
0 0.58557902403496 0.478759765625 0.03641660597232338 0.0126953125
0 0.5411507647487254 0.5498046875 0.01820830298616169 0.0263671875
0 0.21631463947560087 0.47998046875 0.037873270211216316 0.0126953125
0 0.17188638018936636 0.55078125 0.01820830298616169 0.0263671875