1 0.9504734158776402 0.477783203125 0.043699927166788055 0.02197265625
1 0.915877640203933 0.53369140625 0.05972323379461034 0.02783203125
1 0.9369992716678806 0.55810546875 0.06263656227239621 0.0283203125
1 0.5986890021849963 0.8486328125 0.043699927166788055 0.0419921875
1 0.6183539694100509 0.81103515625 0.04224326292789512 0.04052734375
1 0.2490895848506919 0.7626953125 0.04442825928623452 0.0419921875
1 0.27021121631463946 0.726318359375 0.04297159504734159 0.04150390625
3 0.40458849235251276 0.790283203125 0.14785142024763293 0.0888671875
3 0.06591405680990532 0.704345703125 0.13182811361981064 0.08740234375
1 0.7378004369992717 0.69677734375 0.043699927166788055 0.021484375
1 0.7039329934450109 0.6806640625 0.032046613255644577 0.02978515625
1 0.7418062636562273 0.667724609375 0.04297159504734159 0.0205078125
1 0.7436270939548434 0.61328125 0.04005826656955572 0.04052734375
1 0.786598689002185 0.61083984375 0.04442825928623452 0.02197265625
1 0.8798252002913328 0.4462890625 0.03277494537509104 0.029296875
1 0.8652585579024035 0.349365234375 0.041514930808448654 0.041015625
1 0.8849235251274581 0.311767578125 0.04224326292789512 0.041015625
1 0.6026948288419519 0.39453125 0.04224326292789512 0.021484375
1 0.5688273852876912 0.450927734375 0.05462490895848507 0.025390625
1 0.5877640203932993 0.4736328125 0.05899490167516387 0.02734375
1 0.3900218499635834 0.61279296875 0.04297159504734159 0.02099609375
1 0.35724690458849234 0.596923828125 0.032046613255644577 0.029296875
1 0.3943918426802622 0.583740234375 0.04297159504734159 0.02099609375
1 0.39621267297887836 0.529296875 0.041514930808448654 0.041015625
1 0.43918426802621996 0.52685546875 0.04442825928623452 0.02197265625
1 0.5324107793153678 0.36328125 0.032046613255644577 0.0302734375
1 0.5182083029861617 0.265869140625 0.04005826656955572 0.04052734375
1 0.5375091041514931 0.228515625 0.04005826656955572 0.03955078125
1 0.2541879096868172 0.31103515625 0.04224326292789512 0.0205078125
1 0.22359796067006554 0.3681640625 0.05243991260014567 0.02490234375
1 0.24071376547705753 0.390869140625 0.05972323379461034 0.02734375
1 0.04333576110706482 0.529052734375 0.04297159504734159 0.02099609375
1 0.013474144209759651 0.51318359375 0.026948288419519302 0.029296875
1 0.04734158776402039 0.500244140625 0.04297159504734159 0.02099609375
1 0.04916241806263656 0.446044921875 0.04078659868900218 0.0400390625
1 0.09322651128914786 0.443359375 0.04297159504734159 0.02099609375
1 0.185360524399126 0.279296875 0.031318281136198105 0.029296875
1 0.1733430444282593 0.183349609375 0.04005826656955572 0.0390625
1 0.1930080116533139 0.14697265625 0.03860160233066278 0.03857421875
3 0.7541879096868171 0.877197265625 0.15076474872541878 0.0908203125
3 0.9756008739985433 0.369140625 0.04879825200291333 0.0888671875
3 0.8088128186453023 0.57275390625 0.07356154406409322 0.06689453125
3 0.7545520757465404 0.5068359375 0.14930808448652585 0.09521484375
3 0.6758922068463219 0.2861328125 0.14202476329206118 0.08349609375
3 0.4588492352512746 0.487548828125 0.07283321194464676 0.06689453125
3 0.4075018208302986 0.42138671875 0.14712308812818645 0.09423828125
3 0.3288419519300801 0.203857421875 0.13983976693372177 0.0830078125
3 0.10961398397669338 0.404296875 0.07720320466132556 0.06689453125
3 0.08703568827385287 0.34326171875 0.09759650400582666 0.0830078125
2 0.2672978878368536 0.419189453125 0.07137654770575383 0.03662109375
2 0.18244719592134012 0.52685546875 0.10487982520029134 0.083984375
2 0.5320466132556446 0.61083984375 0.09759650400582666 0.08203125
2 0.6139839766933721 0.502685546875 0.07137654770575383 0.037109375
2 0.8838310269482884 0.696044921875 0.10050983248361253 0.08349609375
2 0.9581209031318281 0.585693359375 0.06045156591405681 0.03369140625
4 0.7549162418062637 0.645751953125 0.05316824471959213 0.03369140625
4 0.40786598689002185 0.561767578125 0.05243991260014567 0.03271484375
4 0.06117989803350328 0.478271484375 0.051711580480699196 0.0322265625
0 0.06263656227239621 0.417236328125 0.04005826656955572 0.01953125
0 0.14020393299344502 0.360595703125 0.031318281136198105 0.02880859375
0 0.4085943190094683 0.500244140625 0.04078659868900218 0.0205078125
0 0.4868900218499636 0.44384765625 0.03058994901675164 0.02880859375
0 0.7563729060451566 0.583740234375 0.04224326292789512 0.0205078125
0 0.8343044428259286 0.527587890625 0.03058994901675164 0.02880859375