1 0.7640203932993445 0.74560546875 0.043699927166788055 0.025390625
1 0.8055353241077932 0.69189453125 0.05899490167516387 0.0322265625
1 0.8474144209759651 0.68701171875 0.061908230152949745 0.033203125
1 0.9617625637290604 0.32666015625 0.05098324836125273 0.0419921875
1 0.9315367807720321 0.36083984375 0.04879825200291333 0.04052734375
1 0.6391114348142753 0.202392578125 0.05098324836125273 0.0419921875
1 0.6107064821558631 0.236572265625 0.049526584122359794 0.04150390625
1 0.3237436270939548 0.083251953125 0.04806991988346686 0.03955078125
1 0.2931536780772032 0.115966796875 0.04879825200291333 0.0400390625
3 0.7705753823743627 0.264404296875 0.15440640932265112 0.09716796875
3 0.45010924981791695 0.141845703125 0.1529497450837582 0.095703125
1 0.8776402039329935 0.49560546875 0.043699927166788055 0.0244140625
1 0.8375819373634378 0.488525390625 0.037144938091769844 0.02978515625
1 0.8470502549162418 0.5166015625 0.04297159504734159 0.02392578125
1 0.7858703568827385 0.55224609375 0.04734158776402039 0.0400390625
1 0.8109978150036417 0.576171875 0.04515659140568099 0.025390625
1 0.6828113619810634 0.729736328125 0.037144938091769844 0.02978515625
1 0.5626365622723962 0.784423828125 0.04879825200291333 0.04052734375
1 0.5324107793153678 0.81884765625 0.049526584122359794 0.041015625
1 0.4453750910415149 0.620361328125 0.04224326292789512 0.0244140625
1 0.4879825200291333 0.56689453125 0.053896576839038604 0.02978515625
1 0.526584122359796 0.56201171875 0.05899490167516387 0.03173828125
1 0.5579024034959942 0.37109375 0.04297159504734159 0.02392578125
1 0.5189366351056082 0.3642578125 0.03641660597232338 0.029296875
1 0.5276766205389658 0.39208984375 0.04297159504734159 0.0244140625
1 0.4664967225054625 0.427978515625 0.04879825200291333 0.041015625
1 0.49162418062636565 0.45166015625 0.04515659140568099 0.025390625
1 0.364530225782957 0.6044921875 0.037144938091769844 0.02978515625
1 0.24435542607428987 0.659912109375 0.04734158776402039 0.0400390625
1 0.21376547705753823 0.693603515625 0.04661325564457393 0.0390625
1 0.1260014566642389 0.4951171875 0.04224326292789512 0.02392578125
1 0.1715222141296431 0.44287109375 0.05243991260014567 0.02880859375
1 0.20866715222141297 0.43701171875 0.05972323379461034 0.0322265625
1 0.23962126729788782 0.24658203125 0.04297159504734159 0.02392578125
1 0.20101966496722506 0.240478515625 0.03641660597232338 0.029296875
1 0.2090313182811362 0.267333984375 0.04297159504734159 0.0244140625
1 0.14857975236707938 0.302978515625 0.04806991988346686 0.0400390625
1 0.17370721048798252 0.327392578125 0.04297159504734159 0.0244140625
1 0.045520757465404224 0.480224609375 0.03641660597232338 0.029296875
3 0.6890021849963583 0.8544921875 0.15586307356154405 0.09716796875
3 0.781864530225783 0.61181640625 0.08448652585579024 0.0673828125
3 0.6711580480699199 0.626220703125 0.157319737800437 0.1025390625
3 0.3685360524399126 0.727783203125 0.14785142024763293 0.091796875
3 0.45957756737072103 0.48681640625 0.08375819373634377 0.0673828125
3 0.3506919155134741 0.503173828125 0.1551347414420976 0.10107421875
3 0.06227239621267298 0.602294921875 0.12454479242534595 0.09130859375
3 0.13983976693372177 0.361083984375 0.08739985433357611 0.06787109375
3 0.056081573197378005 0.38818359375 0.1099781500364166 0.08447265625
2 0.25819373634377274 0.432373046875 0.0721048798252003 0.04150390625
2 0.32665695557174074 0.319580078125 0.11653313911143481 0.08642578125
2 0.6471230881281864 0.4453125 0.10924981791697014 0.08349609375
2 0.5764748725418791 0.556884765625 0.0721048798252003 0.0419921875
2 0.9570284049526584 0.571044921875 0.08594319009468318 0.08544921875
2 0.892571012381646 0.68017578125 0.061908230152949745 0.03759765625
4 0.8306627822286963 0.537109375 0.056081573197378005 0.03662109375
4 0.5112891478514202 0.4130859375 0.05462490895848507 0.03515625
4 0.1930080116533139 0.28857421875 0.053896576839038604 0.03515625
0 0.12418062636562273 0.32861328125 0.04005826656955572 0.0224609375
0 0.10924981791697014 0.40478515625 0.035688273852876914 0.02880859375
0 0.4417334304442826 0.452880859375 0.04078659868900218 0.0234375
0 0.42716678805535324 0.529296875 0.035688273852876914 0.02880859375
0 0.7607428987618354 0.57763671875 0.04224326292789512 0.02392578125
0 0.7461762563729061 0.654052734375 0.035688273852876914 0.02880859375