1 0.9544792425345958 0.932373046875 0.05462490895848507 0.0166015625
1 0.8965768390386016 0.932373046875 0.05462490895848507 0.01708984375
1 0.6966496722505463 0.970458984375 0.02039329934450109 0.0263671875
1 0.6849963583394028 0.94287109375 0.03932993445010925 0.01416015625
1 0.6533139111434815 0.96337890625 0.02112163146394756 0.0263671875
1 0.5757465404224327 0.9443359375 0.05680990531682447 0.0166015625
1 0.5568099053168245 0.9716796875 0.02039329934450109 0.02783203125
1 0.29024034959941736 0.974853515625 0.04005826656955572 0.01416015625
1 0.1584122359796067 0.93017578125 0.05680990531682447 0.017578125
1 0.09868900218499636 0.93115234375 0.05753823743627094 0.0166015625
1 0.314639475600874 0.776123046875 0.02112163146394756 0.02587890625
1 0.404952658412236 0.7734375 0.02403495994173343 0.03662109375
1 0.4319009468317553 0.795166015625 0.02403495994173343 0.03857421875
1 0.954843408594319 0.681396484375 0.05753823743627094 0.01708984375
1 0.8954843408594318 0.680908203125 0.055353241077931534 0.0166015625
1 0.9541150764748726 0.431884765625 0.05680990531682447 0.017578125
1 0.8958485069191552 0.4326171875 0.05680990531682447 0.0166015625
1 0.950109249817917 0.189208984375 0.05462490895848507 0.01611328125
1 0.892571012381646 0.18798828125 0.055353241077931534 0.01611328125
3 0.9395484340859432 0.539306640625 0.0968681718863802 0.08203125
3 0.937727603787327 0.2919921875 0.09468317552804079 0.08154296875
3 0.9333576110706482 0.05322265625 0.09322651128914786 0.08056640625
1 0.6944646758922068 0.717041015625 0.019664967225054626 0.0263671875
1 0.6835396941005099 0.690185546875 0.04005826656955572 0.01318359375
1 0.6522214129643117 0.709716796875 0.01820830298616169 0.0263671875
1 0.5753823743627094 0.692138671875 0.056081573197378005 0.01513671875
1 0.5571740713765477 0.718505859375 0.02039329934450109 0.02685546875
1 0.2946103423160961 0.720947265625 0.03932993445010925 0.013671875
1 0.1638747268754552 0.678466796875 0.056081573197378005 0.01611328125
1 0.1045156591405681 0.67822265625 0.056081573197378005 0.0166015625
1 0.31718863801893665 0.528564453125 0.02039329934450109 0.02490234375
1 0.4075018208302986 0.526611328125 0.022578295702840496 0.033203125
1 0.43299344501092496 0.54638671875 0.023306627822286964 0.03662109375
1 0.6955571740713765 0.46923828125 0.018936635105608158 0.02587890625
1 0.6846321922796795 0.443115234375 0.03932993445010925 0.01318359375
1 0.6533139111434815 0.462158203125 0.019664967225054626 0.02587890625
1 0.5764748725418791 0.444580078125 0.05680990531682447 0.015625
1 0.5582665695557174 0.470947265625 0.02039329934450109 0.02685546875
1 0.29715950473415875 0.4736328125 0.04078659868900218 0.0126953125
1 0.1656955571740714 0.431396484375 0.056081573197378005 0.01513671875
1 0.1067006554989075 0.4306640625 0.05462490895848507 0.01513671875
1 0.31937363437727606 0.280517578125 0.018936635105608158 0.025390625
1 0.40968681718863803 0.28076171875 0.022578295702840496 0.03173828125
1 0.4355426074289876 0.29931640625 0.023306627822286964 0.037109375
1 0.6970138383102695 0.22216796875 0.018936635105608158 0.02587890625
1 0.6857246904588492 0.196533203125 0.03932993445010925 0.0126953125
1 0.6551347414420976 0.21484375 0.019664967225054626 0.02587890625
1 0.5786598689002185 0.197509765625 0.055353241077931534 0.015625
1 0.5597232337946103 0.224365234375 0.019664967225054626 0.02587890625
1 0.2982520029133285 0.226318359375 0.03932993445010925 0.0126953125
1 0.16788055353241077 0.18603515625 0.05316824471959213 0.015625
1 0.11034231609613984 0.185791015625 0.05316824471959213 0.0146484375
1 0.32265112891478515 0.04248046875 0.01747997086671522 0.02197265625
1 0.41114348142753093 0.040771484375 0.022578295702840496 0.03125
1 0.4373634377276038 0.05908203125 0.023306627822286964 0.03369140625
3 0.9417334304442826 0.7890625 0.09905316824471959 0.08349609375
3 0.49854333576110704 0.976318359375 0.08230152949745084 0.03759765625
3 0.4191551347414421 0.9140625 0.1099781500364166 0.0830078125
3 0.13656227239621269 0.786865234375 0.09541150764748725 0.083984375
3 0.49635833940276763 0.719482421875 0.08958485069191552 0.03076171875
3 0.4224326292789512 0.66259765625 0.10779315367807721 0.080078125
3 0.14020393299344502 0.53759765625 0.08958485069191552 0.07958984375
3 0.4967225054624909 0.469970703125 0.09031318281136198 0.02978515625
3 0.4213401310997815 0.414794921875 0.10633648943918426 0.0791015625
3 0.1434814275309541 0.291015625 0.08958485069191552 0.078125
3 0.49927166788055355 0.221435546875 0.08812818645302258 0.03369140625
3 0.422068463219228 0.1689453125 0.10852148579752367 0.078125
3 0.15003641660597233 0.05322265625 0.08885651857246904 0.0751953125
2 0.64639475600874 0.066650390625 0.10633648943918426 0.05078125
2 0.4686817188638019 0.0830078125 0.03277494537509104 0.04296875
2 0.4664967225054625 0.32568359375 0.03495994173343044 0.04248046875
2 0.64639475600874 0.30908203125 0.10706482155863073 0.048828125
2 0.6442097596504006 0.55810546875 0.10633648943918426 0.04345703125
2 0.4646758922068463 0.57275390625 0.03641660597232338 0.0419921875
2 0.6434814275309542 0.808837890625 0.10779315367807721 0.04541015625
2 0.4635833940276766 0.822021484375 0.03495994173343044 0.04296875
4 0.6183539694100509 0.964111328125 0.037144938091769844 0.02880859375
4 0.6172614712308813 0.71044921875 0.037873270211216316 0.02880859375
4 0.6179898033503277 0.463134765625 0.03641660597232338 0.0283203125
4 0.619810633648944 0.216064453125 0.03641660597232338 0.02783203125
0 0.5335032774945375 0.196044921875 0.01820830298616169 0.02392578125
0 0.42753095411507647 0.2255859375 0.03860160233066278 0.0126953125
0 0.5316824471959214 0.442626953125 0.018936635105608158 0.0244140625
0 0.4257101238164603 0.472412109375 0.03932993445010925 0.01220703125
0 0.5298616168973052 0.690185546875 0.018936635105608158 0.025390625
0 0.4242534595775674 0.719970703125 0.03932993445010925 0.01220703125
0 0.5302257829570284 0.942138671875 0.01820830298616169 0.02587890625
0 0.4224326292789512 0.973388671875 0.03932993445010925 0.01318359375