1 0.1256 0.09193548387096774 0.024 0.0935483870967742
1 0.1776 0.12258064516129032 0.0256 0.1
1 0.1392 0.19032258064516128 0.0496 0.05161290322580645
4 0.22 0.11774193548387096 0.0496 0.11612903225806452
1 0.2736 0.19516129032258064 0.0736 0.06451612903225806
1 0.2984 0.09516129032258064 0.0288 0.1
0 0.3312 0.20483870967741935 0.0288 0.0967741935483871
3 0.3752 0.10161290322580645 0.1152 0.11935483870967742
3 0.4744 0.3193548387096774 0.1456 0.31290322580645163
0 0.4664 0.1 0.0512 0.05806451612903226
1 0.6304 0.1064516129032258 0.056 0.054838709677419356
1 0.8016 0.2806451612903226 0.0752 0.06451612903225806
1 0.8784 0.2854838709677419 0.072 0.06774193548387097
3 0.8288 0.8193548387096774 0.1264 0.31290322580645163
1 0.4864 0.8467741935483871 0.0336 0.14516129032258066
1 0.4528 0.7629032258064516 0.032 0.14516129032258066
2 0.4152 0.6516129032258065 0.048 0.16129032258064516
2 0.1856 0.7032258064516129 0.136 0.17419354838709677
1 0.6016 0.8419354838709677 0.0256 0.0967741935483871