4 0.1383495145631068 0.5108303249097473 0.04611650485436893 0.03790613718411552
4 0.15169902912621358 0.19494584837545126 0.043689320388349516 0.036101083032490974
4 0.9526699029126213 0.5144404332129964 0.04854368932038835 0.039711191335740074
4 0.9429611650485437 0.2003610108303249 0.04611650485436893 0.036101083032490974
3 0.27184466019417475 0.5189530685920578 0.09951456310679611 0.03790613718411552
3 0.27184466019417475 0.48194945848375453 0.09951456310679611 0.036101083032490974
3 0.41262135922330095 0.5694945848375451 0.1383495145631068 0.09927797833935018
3 0.6092233009708737 0.6985559566787004 0.10194174757281553 0.10649819494584838
3 0.6067961165048543 0.37274368231046934 0.09951456310679611 0.09927797833935018
3 0.4199029126213592 0.2490974729241877 0.13349514563106796 0.08844765342960288
3 0.2815533980582524 0.2003610108303249 0.0970873786407767 0.036101083032490974
3 0.2815533980582524 0.16425992779783394 0.0970873786407767 0.03429602888086643
2 0.19781553398058252 0.6570397111913358 0.12378640776699029 0.06678700361010831
2 0.32524271844660196 0.6200361010830325 0.03640776699029126 0.05776173285198556
2 0.9793689320388349 0.6633574007220217 0.0412621359223301 0.0631768953068592
2 0.9745145631067961 0.33754512635379064 0.050970873786407765 0.05415162454873646
2 0.33616504854368934 0.29783393501805056 0.03640776699029126 0.05415162454873646
2 0.21237864077669902 0.33393501805054154 0.12135922330097088 0.05415162454873646
1 0.0691747572815534 0.4620938628158845 0.09951456310679611 0.039711191335740074
1 0.1383495145631068 0.5469314079422383 0.02669902912621359 0.032490974729241874
1 0.1953883495145631 0.51985559566787 0.021844660194174758 0.032490974729241874
1 0.18567961165048544 0.4711191335740072 0.043689320388349516 0.018050541516245487
1 0.3640776699029126 0.6561371841155235 0.02912621359223301 0.04693140794223827
1 0.41383495145631066 0.6435018050541517 0.06310679611650485 0.023465703971119134
1 0.4817961165048544 0.7129963898916968 0.02669902912621359 0.030685920577617327
1 0.4963592233009709 0.490072202166065 0.04611650485436893 0.018050541516245487
1 0.8786407766990292 0.4657039711191336 0.09951456310679611 0.039711191335740074
1 0.9526699029126213 0.5505415162454874 0.02912621359223301 0.032490974729241874
1 0.9854368932038835 0.47382671480144406 0.02912621359223301 0.019855595667870037
1 0.9441747572815534 0.23465703971119134 0.02669902912621359 0.030685920577617327
1 0.9939320388349514 0.20848375451263537 0.012135922330097087 0.03429602888086643
1 0.9817961165048543 0.1624548736462094 0.03640776699029126 0.018050541516245487
1 0.8737864077669902 0.15433212996389892 0.0970873786407767 0.039711191335740074
1 0.5 0.17509025270758122 0.043689320388349516 0.016245487364620937
1 0.4866504854368932 0.3844765342960289 0.02912621359223301 0.03429602888086643
1 0.3725728155339806 0.33303249097472926 0.02912621359223301 0.04693140794223827
1 0.4199029126213592 0.3212996389891697 0.06067961165048544 0.021660649819494584
1 0.15048543689320387 0.2292418772563177 0.024271844660194174 0.032490974729241874
1 0.20752427184466019 0.20216606498194944 0.021844660194174758 0.030685920577617327
1 0.19781553398058252 0.15613718411552346 0.043689320388349516 0.018050541516245487
1 0.08495145631067962 0.14891696750902528 0.10194174757281553 0.03790613718411552
0 0.38106796116504854 0.694043321299639 0.06553398058252427 0.02707581227436823
0 0.3932038834951456 0.4891696750902527 0.043689320388349516 0.018050541516245487
0 0.3871359223300971 0.3700361010830325 0.06553398058252427 0.023465703971119134
0 0.39927184466019416 0.17509025270758122 0.043689320388349516 0.016245487364620937