1 0.1576 0.9790322580645161 0.0304 0.041935483870967745
1 0.2064 0.9548387096774194 0.032 0.09032258064516129
1 0.164 0.9080645161290323 0.0528 0.06451612903225806
4 0.248 0.9451612903225807 0.0576 0.10967741935483871
1 0.2968 0.8661290322580645 0.0768 0.08387096774193549
1 0.328 0.9516129032258065 0.0352 0.0967741935483871
0 0.3536 0.8403225806451613 0.0352 0.1032258064516129
3 0.4032 0.9258064516129032 0.1216 0.14838709677419354
3 0.4872 0.6854838709677419 0.1664 0.35161290322580646
0 0.4944 0.9048387096774193 0.0544 0.07096774193548387
1 0.656 0.853225806451613 0.0592 0.07096774193548387
1 0.8136 0.632258064516129 0.0784 0.08387096774193549
1 0.8896 0.6064516129032258 0.0752 0.08709677419354839
3 0.8032 0.13225806451612904 0.1472 0.2645161290322581
1 0.4624 0.1596774193548387 0.0432 0.15161290322580645
1 0.4352 0.2532258064516129 0.0416 0.15161290322580645
2 0.4056 0.3741935483870968 0.0592 0.17419354838709677
2 0.1744 0.3870967741935484 0.1472 0.20967741935483872
1 0.5768 0.13225806451612904 0.032 0.1032258064516129