1 0.3488 0.9403225806451613 0.032 0.11935483870967742
1 0.2992 0.9064516129032258 0.0496 0.05806451612903226
0 0.3536 0.8403225806451613 0.048 0.05806451612903226
3 0.3024 0.7516129032258064 0.0592 0.23225806451612904
3 0.4104 0.5516129032258065 0.1552 0.29354838709677417
0 0.3016 0.567741935483871 0.0288 0.1032258064516129
1 0.3048 0.23709677419354838 0.0272 0.11290322580645161
1 0.672 0.5274193548387097 0.072 0.06774193548387097
1 0.6304 0.5951612903225807 0.072 0.06451612903225806
2 0.5752 0.6709677419354839 0.08 0.0967741935483871
1 0.6696 0.29516129032258065 0.048 0.05161290322580645