1 0.6512 0.05806451612903226 0.032 0.11612903225806452
1 0.7008 0.0935483870967742 0.0496 0.05806451612903226
0 0.6464 0.1596774193548387 0.048 0.05806451612903226
3 0.6976 0.24838709677419354 0.0592 0.23225806451612904
3 0.5896 0.4483870967741935 0.1552 0.29354838709677417
0 0.6984 0.432258064516129 0.0288 0.1032258064516129
1 0.6952 0.7629032258064516 0.0272 0.11290322580645161
1 0.328 0.47258064516129034 0.072 0.06774193548387097
1 0.3696 0.40483870967741936 0.072 0.06451612903225806
2 0.4248 0.32903225806451614 0.08 0.0967741935483871
1 0.3304 0.7048387096774194 0.048 0.05161290322580645