4 0.4854368932038835 0.23104693140794225 0.050970873786407765 0.03429602888086643
4 0.9101941747572816 0.24097472924187727 0.04854368932038835 0.032490974729241874
4 0.48058252427184467 0.8366425992779783 0.05339805825242718 0.036101083032490974
4 0.9029126213592233 0.8294223826714802 0.04854368932038835 0.03429602888086643
3 0.47451456310679613 0.3303249097472924 0.050970873786407765 0.0740072202166065
3 0.5242718446601942 0.3303249097472924 0.04854368932038835 0.0740072202166065
3 0.4065533980582524 0.43501805054151627 0.13349514563106796 0.10288808664259928
3 0.23300970873786409 0.5812274368231047 0.14320388349514562 0.07581227436823104
3 0.4684466019417476 0.9341155234657039 0.04854368932038835 0.07581227436823104
3 0.5182038834951457 0.9332129963898917 0.04854368932038835 0.07581227436823104
3 0.8932038834951457 0.9268953068592057 0.04611650485436893 0.0740072202166065
3 0.9405339805825242 0.9259927797833934 0.04611650485436893 0.0740072202166065
3 0.6711165048543689 0.5794223826714802 0.13349514563106796 0.0740072202166065
3 0.837378640776699 0.4404332129963899 0.11893203883495146 0.09927797833935018
3 0.9029126213592233 0.33754512635379064 0.04854368932038835 0.07220216606498195
3 0.9514563106796117 0.33754512635379064 0.04611650485436893 0.07220216606498195
2 0.28883495145631066 0.2752707581227437 0.08980582524271845 0.09205776173285199
2 0.33859223300970875 0.3700361010830325 0.07766990291262135 0.02707581227436823
2 0.279126213592233 0.8880866425992779 0.08495145631067962 0.09386281588447654
2 0.3276699029126214 0.9855595667870036 0.07524271844660194 0.02888086642599278
2 0.7597087378640777 0.9783393501805054 0.0703883495145631 0.02707581227436823
2 0.7172330097087378 0.8799638989169675 0.07281553398058252 0.09205776173285199
2 0.7718446601941747 0.37815884476534295 0.07281553398058252 0.02707581227436823
2 0.7233009708737864 0.286101083032491 0.07281553398058252 0.09025270758122744
1 0.5509708737864077 0.1796028880866426 0.05339805825242718 0.0740072202166065
1 0.4368932038834951 0.23104693140794225 0.043689320388349516 0.019855595667870037
1 0.4733009708737864 0.27346570397111913 0.043689320388349516 0.016245487364620937
1 0.5388349514563107 0.26624548736462095 0.024271844660194174 0.032490974729241874
1 0.29004854368932037 0.3989169675090253 0.06310679611650485 0.021660649819494584
1 0.3070388349514563 0.4359205776173285 0.03155339805825243 0.04693140794223827
1 0.21359223300970873 0.48646209386281586 0.0412621359223301 0.019855595667870037
1 0.5133495145631068 0.4972924187725632 0.024271844660194174 0.03429602888086643
1 0.5461165048543689 0.7815884476534296 0.05339805825242718 0.0740072202166065
1 0.4320388349514563 0.8366425992779783 0.043689320388349516 0.021660649819494584
1 0.4672330097087379 0.8790613718411552 0.04611650485436893 0.018050541516245487
1 0.5339805825242718 0.8691335740072202 0.02669902912621359 0.036101083032490974
1 0.8567961165048543 0.8303249097472925 0.0412621359223301 0.019855595667870037
1 0.8919902912621359 0.8727436823104693 0.04611650485436893 0.018050541516245487
1 0.9538834951456311 0.8628158844765343 0.024271844660194174 0.03429602888086643
1 0.9648058252427184 0.7779783393501805 0.05339805825242718 0.07220216606498195
1 0.9368932038834952 0.5 0.021844660194174758 0.032490974729241874
1 0.6553398058252428 0.490072202166065 0.04611650485436893 0.021660649819494584
1 0.7245145631067961 0.4052346570397112 0.06310679611650485 0.021660649819494584
1 0.7402912621359223 0.4404332129963899 0.02912621359223301 0.04512635379061372
1 0.8640776699029126 0.24007220216606498 0.043689320388349516 0.018050541516245487
1 0.9004854368932039 0.2824909747292419 0.0412621359223301 0.016245487364620937
1 0.9611650485436893 0.2752707581227437 0.024271844660194174 0.032490974729241874
1 0.9720873786407767 0.19133574007220217 0.050970873786407765 0.07581227436823104
0 0.23907766990291263 0.41155234657039713 0.03640776699029126 0.048736462093862815
0 0.5145631067961165 0.42057761732851984 0.024271844660194174 0.032490974729241874
0 0.6747572815533981 0.41606498194945846 0.03155339805825243 0.048736462093862815
0 0.9368932038834952 0.4250902527075812 0.021844660194174758 0.032490974729241874