4 0.48495145631067965 0.23148014440433215 0.05179611650485431 0.03463898916967509
4 0.9104854368932039 0.24101083032490977 0.04752427184466029 0.03250902527075811
4 0.48038834951456305 0.8367509025270758 0.05313106796116501 0.03532490974729251
4 0.9034223300970873 0.8292418772563176 0.04890776699029121 0.033574007220216646
3 0.4742718446601942 0.32994584837545127 0.050703883495145596 0.07409747292418775
3 0.5243932038834952 0.3300541516245487 0.047766990291262156 0.0747472924187726
3 0.4070145631067961 0.4354151624548736 0.13303398058252427 0.10285198555956682
3 0.23266990291262135 0.5810108303249097 0.14400485436893207 0.07629963898916964
3 0.4684708737864077 0.9341696750902526 0.0476941747572815 0.07610108303249112
3 0.5185679611650486 0.9333935018050542 0.048300970873786354 0.07498194945848369
3 0.8927669902912622 0.926696750902527 0.046043689320388416 0.07474729241877272
3 0.9406796116504854 0.9261191335740073 0.047305825242718466 0.07359205776173282
3 0.6715776699029126 0.5797472924187725 0.13376213592233013 0.07342960288808656
3 0.8376456310679612 0.440884476534296 0.11822815533980591 0.09987364620938635
3 0.9027912621359223 0.33745487364620935 0.048300970873786354 0.07166064981949456
3 0.9514563106796117 0.33763537906137187 0.047087378640776646 0.07166064981949456
2 0.2890291262135922 0.2754512635379061 0.08987864077669903 0.09274368231046931
2 0.33893203883495143 0.36978339350180506 0.07674757281553399 0.027743682310469323
2 0.27944174757281554 0.8877797833935018 0.08563106796116499 0.09353790613718421
2 0.32774271844660197 0.9851083032490975 0.076383495145631 0.029259927797834002
2 0.7600242718446601 0.9783574007220216 0.06975728155339808 0.02788808664259936
2 0.7177912621359224 0.8803971119133575 0.07281553398058252 0.09175090252707568
2 0.7715291262135923 0.3779602888086642 0.0732524271844659 0.027888086642599258
2 0.7236165048543689 0.28592057761732853 0.07393203883495154 0.09113718411552348
1 0.5507038834951457 0.1794043321299639 0.05271844660194181 0.07476534296028879
1 0.43652912621359224 0.23095667870036105 0.043446601941747515 0.01931407942238265
1 0.4734223300970874 0.2737364620938628 0.04393203883495151 0.016787003610108323
1 0.5387135922330096 0.2666064981949458 0.023543689320388323 0.03212996389891699
1 0.2899271844660194 0.3985379061371841 0.06308252427184469 0.02108303249097474
1 0.30728155339805824 0.43597472924187725 0.03118932038834957 0.046913357400722035
1 0.21354368932038836 0.48631768953068594 0.04145631067961168 0.020036101083032533
1 0.5139320388349515 0.4971119133574007 0.024805825242718512 0.03480144404332125
1 0.5466990291262136 0.7815162454873645 0.0528155339805825 0.07433212996389883
1 0.431868932038835 0.8366064981949459 0.043592233009708686 0.021606498194945898
1 0.4676699029126214 0.8789169675090253 0.04502427184466022 0.017653429602888036
1 0.5334223300970874 0.8695667870036101 0.025509708737864057 0.036895306859205876
1 0.8570388349514564 0.8307220216606499 0.042087378640776774 0.01925992779783386
1 0.8915291262135923 0.8723826714801445 0.04694174757281561 0.0183032490974729
1 0.9541747572815534 0.863231046931408 0.02526699029126206 0.03418772563176905
1 0.9648786407766989 0.7778700361010831 0.05245145631067964 0.0724729241877256
1 0.936626213592233 0.5001263537906137 0.022621359223301093 0.03187725631768947
1 0.6547330097087378 0.49016245487364624 0.04635922330097093 0.02075812274368231
1 0.7241504854368933 0.40541516245487363 0.06334951456310685 0.02238267148014436
1 0.7405339805825243 0.440072202166065 0.028155339805825297 0.045848375451263496
1 0.8644417475728154 0.2398014440433213 0.04247572815533981 0.018592057761732873
1 0.9006067961165048 0.2824909747292419 0.04053398058252438 0.016967509025270718
1 0.9617718446601942 0.27509025270758125 0.023058252427184466 0.03212996389891699
1 0.9722087378640777 0.19151624548736462 0.05072815533980577 0.07617328519855594
0 0.23849514563106797 0.4112635379061372 0.03604368932038834 0.04862815884476534
0 0.5143203883495145 0.4201985559566787 0.02432038834951452 0.032833935018050535
0 0.6748543689320389 0.41615523465703974 0.03184466019417477 0.04842960288808661
0 0.937378640776699 0.4251805054151625 0.02281553398058247 0.0315884476534296