1 0.8744 0.09193548387096774 0.024 0.0935483870967742
1 0.8224 0.12258064516129032 0.0256 0.1
1 0.8608 0.19032258064516128 0.0496 0.05161290322580645
4 0.78 0.11774193548387096 0.0496 0.11612903225806452
1 0.7264 0.19516129032258064 0.0736 0.06451612903225806
1 0.7016 0.09516129032258064 0.0288 0.1
0 0.6688 0.20483870967741935 0.0288 0.0967741935483871
3 0.6248 0.10161290322580645 0.1152 0.11935483870967742
3 0.5256 0.3193548387096774 0.1456 0.31290322580645163
0 0.5336 0.1 0.0512 0.05806451612903226
1 0.3696 0.1064516129032258 0.056 0.054838709677419356
1 0.1984 0.2806451612903226 0.0752 0.06451612903225806
1 0.1216 0.2854838709677419 0.072 0.06774193548387097
3 0.1712 0.8193548387096774 0.1264 0.31290322580645163
1 0.5136 0.8467741935483871 0.0336 0.14516129032258066
1 0.5472 0.7629032258064516 0.032 0.14516129032258066
2 0.5848 0.6516129032258065 0.048 0.16129032258064516
2 0.8144 0.7032258064516129 0.136 0.17419354838709677
1 0.3984 0.8419354838709677 0.0256 0.0967741935483871