1 0.9769319492502884 0.5406976744186046 0.0461361014994233 0.02578361981799798
1 0.9538638985005767 0.5123862487360971 0.05651672433679354 0.024772497472194135
1 0.9532871972318339 0.41228513650151666 0.04786620530565167 0.021233569261880688
1 0.8428489042675894 0.8346814964610718 0.0461361014994233 0.023761375126390292
1 0.7949826989619377 0.8235591506572295 0.024798154555940023 0.042467138523761376
1 0.8310265282583622 0.788422649140546 0.04786620530565167 0.021739130434782608
1 0.7984429065743944 0.7019716885743175 0.031141868512110725 0.06117290192113246
1 0.8486159169550173 0.6820020222446916 0.050173010380622836 0.02275025278058645
1 0.8546712802768166 0.38751263902932254 0.0265282583621684 0.0429726996966633
1 0.7719146482122261 0.23988877654196158 0.031718569780853516 0.06167846309403438
1 0.7701845444059977 0.1736602628918099 0.031141868512110725 0.06167846309403438
1 0.4844290657439446 0.41228513650151666 0.04844290657439446 0.021739130434782608
1 0.48298731257208766 0.5136501516683518 0.06113033448673587 0.024772497472194135
1 0.5193194925028836 0.5432254802831142 0.07093425605536333 0.0262891809908999
1 0.37139561707035756 0.8382204246713852 0.049596309111880045 0.021233569261880688
1 0.32006920415224915 0.8258341759352882 0.024798154555940023 0.042467138523761376
1 0.35697808535178777 0.7891809908998989 0.05074971164936563 0.022244691607684528
1 0.3238177623990773 0.7034883720930233 0.029988465974625143 0.06066734074823053
1 0.3742791234140715 0.6827603640040445 0.050173010380622836 0.021739130434782608
1 0.38033448673587084 0.38827098078867545 0.02249134948096886 0.04398382204246714
1 0.29815455594002305 0.2403943377148635 0.029411764705882353 0.06268958543983821
1 0.2972895040369089 0.17492416582406473 0.02883506343713956 0.06167846309403438
1 0.01643598615916955 0.4120323559150657 0.0328719723183391 0.021233569261880688
1 0.0196078431372549 0.5144084934277048 0.0392156862745098 0.024772497472194135
1 0.045271049596309114 0.5432254802831142 0.07093425605536333 0.02578361981799798
2 0.9858708189158016 0.7757836198179979 0.02825836216839677 0.11779575328614762
3 0.9455017301038062 0.21764408493427706 0.10899653979238755 0.10364004044489383
3 0.8523644752018454 0.6137512639029322 0.06459054209919261 0.09908998988877654
3 0.740484429065744 0.5278058645096056 0.15513264129181084 0.1268958543983822
3 0.5020184544405998 0.21258847320525784 0.15513264129181084 0.10717896865520728
3 0.3748558246828143 0.6147623862487361 0.05651672433679354 0.1006066734074823
3 0.2664359861591695 0.5310920121334681 0.15455594002306805 0.1243680485338726
3 0.05190311418685121 0.21435793731041455 0.10380622837370242 0.1051567239635996
2 0.0657439446366782 0.7828614762386249 0.0922722029988466 0.1243680485338726
2 0.09630911188004614 0.5786147623862488 0.08016147635524798 0.04044489383215369
2 0.5455594002306805 0.7813447927199191 0.08996539792387544 0.1243680485338726
2 0.5689158016147635 0.5791203235591507 0.08419838523644751 0.04044489383215369
4 0.8341983852364475 0.7492416582406471 0.05478662053056517 0.04196157735085945
4 0.3595732410611303 0.750252780586451 0.05651672433679354 0.042467138523761376
0 0.794405997693195 0.6521739130434783 0.049596309111880045 0.021233569261880688
0 0.8532295271049596 0.5333670374115268 0.02883506343713956 0.04398382204246714
0 0.32035755478662054 0.653437815975733 0.049019607843137254 0.021233569261880688
0 0.3780276816608997 0.5336198179979778 0.025374855824682813 0.043478260869565216