1 0.10092272202998846 0.26744186046511625 0.05478662053056517 0.04196157735085945
1 0.1058246828143022 0.3023255813953488 0.06343713956170703 0.04499494438827098
1 0.052768166089965395 0.390798786653185 0.05363321799307959 0.03842264914054601
1 0.37658592848904265 0.0634479271991911 0.05363321799307959 0.03993933265925177
1 0.4129181084198385 0.09302325581395349 0.04440599769319493 0.047522750252780584
1 0.3621683967704729 0.10920121334681497 0.05363321799307959 0.038928210313447925
1 0.34457900807381775 0.19893832153690597 0.05997693194925029 0.06673407482305359
1 0.2897923875432526 0.19590495449949444 0.05651672433679354 0.04095045500505561
1 0.12658592848904268 0.4532355915065723 0.04671280276816609 0.04903943377148635
1 0.12053056516724336 0.6177957532861477 0.06113033448673587 0.06774519716885744
1 0.08679354094579009 0.6769464105156724 0.06055363321799308 0.0672396359959555
1 0.4668396770472895 0.583923154701719 0.05420991926182238 0.038928210313447925
1 0.5222029988465975 0.4949443882709808 0.06747404844290658 0.04701718907987867
1 0.5060553633217993 0.4539939332659252 0.07670126874279123 0.0525783619817998
1 0.7946943483275664 0.25429726996966634 0.05536332179930796 0.038928210313447925
1 0.8333333333333334 0.28640040444893833 0.04440599769319493 0.047522750252780584
1 0.7811418685121108 0.30358948432760363 0.05651672433679354 0.04044489383215369
1 0.7644175317185697 0.39282103134479274 0.058823529411764705 0.06572295247724974
1 0.7087658592848904 0.3902932254802831 0.05594002306805075 0.03993933265925177
1 0.5458477508650519 0.647876643073812 0.04325259515570934 0.04802831142568251
1 0.5392156862745098 0.8121840242669363 0.059400230680507496 0.0672396359959555
1 0.5049019607843137 0.8705763397371082 0.058246828143021914 0.06622851365015167
1 0.879757785467128 0.7767947421638018 0.040369088811995385 0.032355915065722954
1 0.932237600922722 0.6845298281092013 0.04786620530565167 0.037917087967644085
1 0.9247404844290658 0.6488877654196158 0.07670126874279123 0.052072800808897875
2 0.2185697808535179 0.056875631951466124 0.08765859284890427 0.11375126390293225
3 0.015570934256055362 0.5652173913043478 0.031141868512110725 0.1365015166835187
3 0.2497116493656286 0.2545500505561173 0.11014994232987313 0.11425682507583418
3 0.302479815455594 0.3763902932254803 0.20472895040369088 0.17593528816986856
3 0.34429065743944637 0.7530333670374115 0.19434832756632064 0.15824064711830133
3 0.6718569780853518 0.45020222446916075 0.10380622837370242 0.1122345803842265
3 0.7228950403690888 0.5687563195146613 0.2029988465974625 0.17340748230535896
3 0.7430795847750865 0.9342770475227502 0.14821222606689735 0.13144590495449948
2 0.9803921568627451 0.4287158746208291 0.0392156862745098 0.14762386248736098
2 0.8985005767012687 0.5968149646107179 0.0922722029988466 0.06875631951466127
2 0.6104382929642446 0.23281092012133467 0.1459054209919262 0.14661274014155712
2 0.4815455594002307 0.4016683518705763 0.09573241061130335 0.07027300303336703
4 0.33852364475201846 0.1423154701718908 0.07093425605536333 0.05965621840242669
4 0.7580738177623991 0.33695652173913043 0.0726643598615917 0.06066734074823053
0 0.3215109573241061 0.24443882709807888 0.05536332179930796 0.038928210313447925
0 0.20588235294117646 0.3250758341759353 0.049019607843137254 0.05055611729019211
0 0.7407727797001153 0.4385743174924166 0.05478662053056517 0.038928210313447925
0 0.6257208765859285 0.5204752275025278 0.04555940023068051 0.04903943377148635