1 0.6632064590542099 0.09529828109201213 0.04498269896193772 0.06319514661274014
1 0.6234140715109573 0.11703741152679474 0.040945790080738176 0.05409504550050556
1 0.5126874279123415 0.09327603640040445 0.03517877739331027 0.04600606673407482
1 0.9532871972318339 0.28943377148634986 0.03748558246828143 0.04499494438827098
1 0.9293540945790081 0.32735085945399395 0.0530565167243368 0.03134479271991911
1 0.899365628604383 0.28816986855409504 0.03575547866205306 0.04600606673407482
1 0.7958477508650519 0.294994944388271 0.07497116493656286 0.041456016177957536
1 0.7857554786620531 0.2474721941354904 0.03748558246828143 0.04802831142568251
1 0.461361014994233 0.17113245702730032 0.05420991926182238 0.03286147623862487
1 0.2779700115340254 0.2057633973710819 0.07612456747404844 0.04196157735085945
1 0.2041522491349481 0.19135490394337715 0.07554786620530565 0.041456016177957536
1 0.3990772779700115 0.4919110212335693 0.03575547866205306 0.046511627906976744
1 0.510957324106113 0.5176946410515673 0.04209919261822376 0.05813953488372093
1 0.552479815455594 0.49393326592517695 0.0461361014994233 0.06673407482305359
1 0.8431372549019608 0.6911021233569262 0.03575547866205306 0.047522750252780584
1 0.8171856978085352 0.7317997977755308 0.0530565167243368 0.03134479271991911
1 0.7854671280276817 0.6916076845298281 0.03690888119953864 0.04853387259858443
1 0.6825259515570934 0.6991911021233569 0.07439446366782007 0.03993933265925177
1 0.6718569780853518 0.6511627906976745 0.03633217993079585 0.04802831142568251
1 0.34746251441753173 0.5748230535894844 0.05420991926182238 0.029828109201213347
1 0.1637831603229527 0.608948432760364 0.07670126874279123 0.03993933265925177
1 0.09111880046136102 0.5937815975733064 0.07497116493656286 0.03943377148634985
1 0.2840253748558247 0.8953488372093024 0.03460207612456748 0.04398382204246714
1 0.3956170703575548 0.9271991911021233 0.04555940023068051 0.0692618806875632
1 0.43771626297577854 0.89737108190091 0.04555940023068051 0.06673407482305359
2 0.9270472895040369 0.12714863498483317 0.1459054209919262 0.10465116279069768
3 0.30017301038062283 0.055864509605662284 0.15051903114186851 0.11172901921132457
2 0.7145328719723183 0.06496461071789686 0.06170703575547866 0.07229524772497473
3 0.7110726643598616 0.22775530839231548 0.1251441753171857 0.0788675429726997
3 0.5888119953863898 0.30207280080889787 0.1782006920415225 0.16279069767441862
3 0.18223760092272204 0.4287158746208291 0.15628604382929642 0.1577350859453994
3 0.596885813148789 0.6342264914054601 0.1251441753171857 0.07229524772497473
3 0.4777970011534025 0.7062689585439839 0.17531718569780855 0.16177957532861476
3 0.07324106113033449 0.8326592517694641 0.14648212226066898 0.15470171890798787
2 0.7079008073817762 0.9378159757330637 0.15974625144175317 0.10869565217391304
2 0.4893310265282584 0.8624873609706775 0.06401384083044982 0.07785642062689585
2 0.8223760092272203 0.5293225480283115 0.15916955017301038 0.10667340748230536
2 0.6043829296424452 0.46056622851365014 0.0651672433679354 0.08139534883720931
4 0.8566897347174164 0.27603640040444893 0.05997693194925029 0.056622851365015166
4 0.7430795847750865 0.6799797775530839 0.06055363321799308 0.05813953488372093
0 0.7396193771626297 0.28640040444893833 0.03575547866205306 0.047522750252780584
0 0.6222606689734718 0.20753286147623862 0.05594002306805075 0.03538928210313448
0 0.6262975778546713 0.6898382204246714 0.03517877739331027 0.04701718907987867
0 0.5077854671280276 0.6119817997977756 0.05420991926182238 0.03185035389282103