1 0.5467128027681661 0.9271991911021233 0.029411764705882353 0.05864509605662285
1 0.5141291810841984 0.897876643073812 0.02825836216839677 0.04954499494438827
1 0.3999423298731257 0.89737108190091 0.02422145328719723 0.04196157735085945
1 0.8817762399077278 0.8005561172901922 0.02710495963091119 0.04044489383215369
1 0.8690888119953863 0.7585945399393327 0.04844290657439446 0.021739130434782608
1 0.8290080738177624 0.7901921132457027 0.024798154555940023 0.04196157735085945
1 0.7303921568627451 0.7616279069767442 0.06978085351787774 0.027300303336703743
1 0.7076124567474048 0.8056117290192113 0.025951557093425604 0.04398382204246714
1 0.37168396770472895 0.8109201213346815 0.049019607843137254 0.023255813953488372
1 0.20328719723183392 0.7383720930232558 0.07035755478662054 0.027805864509605663
1 0.12773933102652826 0.7368554095045501 0.07035755478662054 0.027300303336703743
1 0.3999423298731257 0.4863498483316481 0.024798154555940023 0.042467138523761376
1 0.5155709342560554 0.4850859453993933 0.02825836216839677 0.05358948432760364
1 0.5493079584775087 0.5169362992922144 0.029988465974625143 0.0621840242669363
1 0.8858131487889274 0.3872598584428716 0.02422145328719723 0.043478260869565216
1 0.871683967704729 0.34226491405460063 0.04844290657439446 0.021739130434782608
1 0.8298731257208766 0.3746208291203236 0.025374855824682813 0.044489383215369056
1 0.7321222606689735 0.3455510616784631 0.06920415224913495 0.0262891809908999
1 0.7084775086505191 0.3897876643073812 0.024798154555940023 0.04398382204246714
1 0.37254901960784315 0.39509605662285135 0.050173010380622836 0.019716885743174924
1 0.2038638985005767 0.3230535894843276 0.07151095732410612 0.02578361981799798
1 0.12918108419838523 0.3222952477249747 0.07035755478662054 0.025278058645096056
1 0.39965397923875434 0.070525783619818 0.02422145328719723 0.03993933265925177
1 0.5167243367935409 0.0634479271991911 0.02825836216839677 0.06521739130434782
1 0.5493079584775087 0.10136501516683519 0.029411764705882353 0.0621840242669363
2 0.8145905420991926 0.9529828109201214 0.13437139561707034 0.07836198179979778
3 0.1782006920415225 0.9077350859453994 0.1182237600922722 0.12992922143579372
2 0.5882352941176471 0.967644084934277 0.04498269896193772 0.06471183013144591
3 0.629757785467128 0.8088978766430738 0.11303344867358708 0.056622851365015166
3 0.5317185697808535 0.7108190091001011 0.1447520184544406 0.13599595551061677
3 0.17214532871972318 0.5017694641051568 0.12226066897347174 0.13599595551061677
3 0.6309111880046137 0.3902932254802831 0.11476355247981546 0.04954499494438827
3 0.5354671280276817 0.29524772497472196 0.14186851211072665 0.13549039433771487
3 0.17445213379469435 0.0859453993933266 0.11995386389850057 0.13346814964610718
2 0.8226643598615917 0.11931243680485339 0.14186851211072665 0.08139534883720931
2 0.589677047289504 0.14610717896865522 0.0461361014994233 0.07027300303336703
2 0.8209342560553633 0.5399393326592518 0.14186851211072665 0.0788675429726997
2 0.5902537485582469 0.5604145601617796 0.0461361014994233 0.07381193124368049
4 0.7843137254901961 0.7929726996966633 0.04786620530565167 0.04802831142568251
4 0.7854671280276817 0.3768958543983822 0.04844290657439446 0.04954499494438827
0 0.6735870818915801 0.7580889787664308 0.02422145328719723 0.043478260869565216
0 0.5380622837370242 0.8096562184024267 0.050173010380622836 0.025278058645096056
0 0.6750288350634371 0.3425176946410516 0.02422145328719723 0.0429726996966633
0 0.5383506343713956 0.3930738119312437 0.049596309111880045 0.022244691607684528