1 0.9769319492502884 0.45879676440849343 0.0461361014994233 0.02578361981799798
1 0.9538638985005767 0.48761375126390294 0.05651672433679354 0.024772497472194135
1 0.9532871972318339 0.5877148634984833 0.04786620530565167 0.021233569261880688
1 0.8428489042675894 0.1653185035389282 0.0461361014994233 0.023761375126390292
1 0.7949826989619377 0.17644084934277046 0.024798154555940023 0.042467138523761376
1 0.8310265282583622 0.211577350859454 0.04786620530565167 0.021739130434782608
1 0.7984429065743944 0.29802831142568253 0.031141868512110725 0.06117290192113246
1 0.8486159169550173 0.3179979777553084 0.050173010380622836 0.02275025278058645
1 0.8546712802768166 0.6124873609706775 0.0265282583621684 0.0429726996966633
1 0.7719146482122261 0.7601112234580384 0.031718569780853516 0.06167846309403438
1 0.7701845444059977 0.8263397371081901 0.031141868512110725 0.06167846309403438
1 0.4844290657439446 0.5877148634984833 0.04844290657439446 0.021739130434782608
1 0.48298731257208766 0.4863498483316481 0.06113033448673587 0.024772497472194135
1 0.5193194925028836 0.45677451971688576 0.07093425605536333 0.0262891809908999
1 0.37139561707035756 0.16177957532861476 0.049596309111880045 0.021233569261880688
1 0.32006920415224915 0.17416582406471184 0.024798154555940023 0.042467138523761376
1 0.35697808535178777 0.21081900910010112 0.05074971164936563 0.022244691607684528
1 0.3238177623990773 0.29651162790697677 0.029988465974625143 0.06066734074823053
1 0.3742791234140715 0.3172396359959555 0.050173010380622836 0.021739130434782608
1 0.38033448673587084 0.6117290192113246 0.02249134948096886 0.04398382204246714
1 0.29815455594002305 0.7596056622851365 0.029411764705882353 0.06268958543983821
1 0.2972895040369089 0.8250758341759353 0.02883506343713956 0.06167846309403438
1 0.01643598615916955 0.5879676440849343 0.0328719723183391 0.021233569261880688
1 0.0196078431372549 0.4850859453993933 0.0392156862745098 0.024772497472194135
1 0.045271049596309114 0.45677451971688576 0.07093425605536333 0.02578361981799798
2 0.9858708189158016 0.22421638018200202 0.02825836216839677 0.11779575328614762
3 0.9455017301038062 0.781850353892821 0.10899653979238755 0.10364004044489383
3 0.8523644752018454 0.3862487360970677 0.06459054209919261 0.09908998988877654
3 0.740484429065744 0.47219413549039435 0.15513264129181084 0.1268958543983822
3 0.5020184544405998 0.7874115267947421 0.15513264129181084 0.10717896865520728
3 0.3748558246828143 0.3852376137512639 0.05651672433679354 0.1006066734074823
3 0.2664359861591695 0.4689079878665319 0.15455594002306805 0.1243680485338726
3 0.05190311418685121 0.7851365015166836 0.10380622837370242 0.1051567239635996
2 0.0657439446366782 0.21713852376137513 0.0922722029988466 0.1243680485338726
2 0.09630911188004614 0.42138523761375124 0.08016147635524798 0.04044489383215369
2 0.5455594002306805 0.2186552072800809 0.08996539792387544 0.1243680485338726
2 0.5689158016147635 0.42087967644084934 0.08419838523644751 0.04044489383215369
4 0.8341983852364475 0.25075834175935285 0.05478662053056517 0.04196157735085945
4 0.3595732410611303 0.24974721941354905 0.05651672433679354 0.042467138523761376
0 0.794405997693195 0.34782608695652173 0.049596309111880045 0.021233569261880688
0 0.8532295271049596 0.4666329625884732 0.02883506343713956 0.04398382204246714
0 0.32035755478662054 0.3465621840242669 0.049019607843137254 0.021233569261880688
0 0.3780276816608997 0.46638018200202225 0.025374855824682813 0.043478260869565216