4 0.26372881355932204 0.21119760479041919 0.04069679849340869 0.055089820359281456
4 0.6081920903954802 0.2243413173652695 0.03755178907721291 0.0546706586826347
4 0.9327118644067797 0.23395209580838325 0.03596986817325805 0.05302395209580841
3 0.25278719397363464 0.373562874251497 0.04173258003766483 0.1264670658682635
3 0.29483992467043313 0.3740718562874251 0.043691148775894514 0.12682634730538928
3 0.19854990583804144 0.5534131736526946 0.11715630885122406 0.17242514970059872
3 0.06333333333333334 0.8026047904191617 0.11568738229755178 0.12814371257485016
3 0.5999623352165725 0.3821556886227545 0.03986817325800369 0.12116766467065868
3 0.6385875706214689 0.3820059880239521 0.03738229755178912 0.1214970059880239
3 0.926421845574388 0.38958083832335333 0.0382109227871939 0.11820359281437132
3 0.9644256120527307 0.3897604790419162 0.0394538606403014 0.11985029940119753
3 0.5498870056497175 0.5568263473053892 0.10067796610169498 0.16919161676646705
3 0.4151412429378531 0.7969161676646707 0.10909604519774013 0.12233532934131741
3 0.7493032015065914 0.7966167664670658 0.1045009416195857 0.12170658682634723
3 0.8790772128060264 0.5604790419161676 0.0937853107344632 0.1655389221556887
2 0.10028248587570622 0.28559880239520957 0.07263653483992466 0.1549101796407186
2 0.14288135593220339 0.4445808383233533 0.06397363465160075 0.04991017964071861
2 0.45478342749529194 0.2970958083832335 0.06365348399246695 0.152125748502994
2 0.49538606403013186 0.45263473053892217 0.056629001883239265 0.047185628742514946
2 0.7906403013182673 0.30952095808383234 0.05740112994350286 0.15086826347305385
2 0.8246139359698682 0.4594610778443114 0.055838041431261726 0.04844311377245511
0 0.0624105461393597 0.516437125748503 0.028418079096045205 0.08188622754491025
0 0.2874199623352166 0.5247005988023952 0.023333333333333307 0.0597005988023952
0 0.41883239171374764 0.5216766467065869 0.02485875706214687 0.08188622754491025
0 0.6293785310734463 0.5311676646706587 0.018267419962335302 0.05323353293413183
0 0.7528060263653484 0.524311377245509 0.02156308851224114 0.07742514970059884
0 0.9534651600753296 0.5325748502994012 0.02003766478342747 0.0552395209580838
1 0.315819209039548 0.11997005988023952 0.04510357815442559 0.1264071856287425
1 0.22549905838041429 0.20637724550898207 0.033879472693032035 0.031497005988023984
1 0.25546139359698683 0.27934131736526946 0.033879472693032035 0.0298502994011976
1 0.3066854990583804 0.2670958083832335 0.020075329566855038 0.056766467065868284
1 0.1064030131826742 0.49431137724550894 0.05344632768361581 0.0358982035928144
1 0.1188512241054614 0.5564071856287425 0.025461393596986837 0.07790419161676641
1 0.04457627118644068 0.6437125748502994 0.03516007532956686 0.030868263473053898
1 0.28676082862523544 0.6593712574850299 0.021657250470809793 0.05859281437125746
1 0.4003201506591337 0.6436526946107785 0.03689265536723159 0.0332335329341318
1 0.62984934086629 0.6573353293413174 0.018436911487758875 0.055898203592814416
1 0.45847457627118643 0.49883233532934135 0.04992467043314499 0.039101796407185634
1 0.4715065913370998 0.5580538922155688 0.022862523540489618 0.07622754491017958
1 0.5712052730696798 0.22302395209580836 0.030979284369114964 0.032455089820359294
1 0.5990018832391714 0.2933832335329341 0.03295668549905838 0.03167664670658686
1 0.649774011299435 0.27775449101796407 0.017457627118644032 0.05119760479041915
1 0.6583992467043315 0.13859281437125748 0.040621468926553765 0.12
1 0.9810169491525423 0.14823353293413172 0.037871939736346324 0.11964071856287423
1 0.8973634651600754 0.23281437125748505 0.03259887005649707 0.031257485029940114
1 0.9239736346516008 0.3010179640718563 0.03306967984934076 0.027425149700598794
1 0.9719020715630886 0.28691616766467065 0.01774011299435042 0.04955089820359285
1 0.7887758945386063 0.5038622754491018 0.04512241054613943 0.03748502994011971
1 0.801563088512241 0.5616766467065868 0.02156308851224114 0.07601796407185625
1 0.7355555555555555 0.6435928143712575 0.03301318267419957 0.032125748502994066
1 0.9519585687382298 0.658443113772455 0.01623352165725048 0.051616766467065894