4 0.3182674199623352 0.12425149700598802 0.03389830508474576 0.0658682634730539
4 0.3267419962335217 0.6721556886227545 0.03389830508474576 0.059880239520958084
3 0.4209039548022599 0.1062874251497006 0.07909604519774012 0.0658682634730539
3 0.4209039548022599 0.17365269461077845 0.07909604519774012 0.0688622754491018
3 0.5329566854990584 0.05688622754491018 0.10922787193973635 0.11377245508982035
3 0.4256120527306968 0.6586826347305389 0.07532956685499058 0.06287425149700598
3 0.4256120527306968 0.7200598802395209 0.07721280602636535 0.059880239520958084
3 0.5357815442561206 0.5793413173652695 0.10734463276836158 0.15868263473053892
3 0.6864406779661016 0.3652694610778443 0.07721280602636535 0.17365269461077845
3 0.6864406779661016 0.8967065868263473 0.07721280602636535 0.16467065868263472
2 0.371939736346516 0.4281437125748503 0.096045197740113 0.10179640718562874
2 0.4698681732580038 0.49251497005988026 0.030131826741996232 0.08982035928143713
2 0.3804143126177024 0.9580838323353293 0.09416195856873823 0.08383233532934131
2 0.4745762711864407 0.9850299401197605 0.030131826741996232 0.029940119760479042
0 0.5160075329566854 0.16167664670658682 0.03766478342749529 0.03592814371257485
0 0.5131826741996234 0.3712574850299401 0.05084745762711865 0.038922155688622756
0 0.519774011299435 0.7050898203592815 0.03389830508474576 0.029940119760479042
0 0.5150659133709982 0.9011976047904192 0.04896421845574388 0.03293413173652695
1 0.2608286252354049 0.20658682634730538 0.07909604519774012 0.0718562874251497
1 0.3154425612052731 0.06287425149700598 0.02071563088512241 0.05389221556886228
1 0.3615819209039548 0.11077844311377245 0.018832391713747645 0.05389221556886228
1 0.3531073446327684 0.19311377245508982 0.035781544256120526 0.03293413173652695
1 0.5998116760828626 0.16167664670658682 0.03766478342749529 0.03592814371257485
1 0.5903954802259888 0.3413173652694611 0.02071563088512241 0.059880239520958084
1 0.5988700564971752 0.7065868263473054 0.035781544256120526 0.029940119760479042
1 0.4990583804143126 0.4341317365269461 0.02448210922787194 0.08083832335329341
1 0.536723163841808 0.4550898203592814 0.047080979284369114 0.03592814371257485
1 0.3258003766478343 0.6137724550898204 0.02071563088512241 0.04790419161676647
1 0.3700564971751412 0.657185628742515 0.02071563088512241 0.05389221556886228
1 0.3606403013182674 0.7380239520958084 0.032015065913371 0.02694610778443114
1 0.2730696798493409 0.7514970059880239 0.07532956685499058 0.0658682634730539
1 0.5028248587570622 0.9595808383233533 0.02448210922787194 0.0718562874251497
1 0.5386064030131826 0.9790419161676647 0.047080979284369114 0.03293413173652695
1 0.5903954802259888 0.874251497005988 0.02071563088512241 0.05389221556886228