3 0.4521492295214923 0.7103448275862069 0.0746147607461476 0.11551724137931034
1 0.3219789132197891 0.7275862068965517 0.015409570154095702 0.0706896551724138
1 0.32319545823195456 0.6517241379310345 0.014598540145985401 0.0706896551724138
1 0.28102189781021897 0.9008620689655172 0.010543390105433901 0.04827586206896552
1 0.4570154095701541 0.9379310344827586 0.021086780210867802 0.022413793103448276
1 0.2935928629359286 0.3887931034482759 0.021086780210867802 0.022413793103448276
1 0.31792376317923765 0.3732758620689655 0.010543390105433901 0.04655172413793104
1 0.3008921330089213 0.3293103448275862 0.021086780210867802 0.022413793103448276
1 0.31873479318734793 0.22758620689655173 0.012976480129764802 0.06206896551724138
1 0.29480940794809407 0.20172413793103447 0.0202757502027575 0.022413793103448276
0 0.321573398215734 0.16551724137931034 0.021086780210867802 0.022413793103448276
0 0.2960259529602595 0.020689655172413793 0.009732360097323601 0.041379310344827586
3 0.34874290348742903 0.04396551724137931 0.0746147607461476 0.08793103448275862
1 0.4772911597729116 0.010344827586206896 0.031630170316301706 0.020689655172413793
1 0.45742092457420924 0.039655172413793106 0.030819140308191405 0.03103448275862069
2 0.43146796431467965 0.08103448275862069 0.038929440389294405 0.04482758620689655
2 0.44322789943227897 0.3267241379310345 0.040551500405515 0.14482758620689656
4 0.3004866180048662 0.2836206896551724 0.024330900243309004 0.04827586206896552
3 0.29521492295214924 0.11896551724137931 0.029197080291970802 0.12586206896551724
1 0.5077047850770479 0.9137931034482759 0.009732360097323601 0.04827586206896552
1 0.5502838605028386 0.743103448275862 0.013787510137875101 0.06551724137931035
1 0.5519059205190592 0.6646551724137931 0.013787510137875101 0.06724137931034482
1 0.686536901865369 0.9534482758620689 0.021897810218978103 0.022413793103448276
3 0.6816707218167072 0.725 0.07542579075425791 0.11724137931034483
1 0.5231143552311436 0.40086206896551724 0.021897810218978103 0.022413793103448276
1 0.5304136253041363 0.3431034482758621 0.0227088402270884 0.02413793103448276
1 0.5474452554744526 0.3870689655172414 0.0113544201135442 0.04655172413793104
1 0.5494728304947283 0.24051724137931035 0.014598540145985401 0.0706896551724138
1 0.5251419302514193 0.21551724137931033 0.021086780210867802 0.02586206896551724
0 0.5531224655312247 0.17844827586206896 0.0227088402270884 0.022413793103448276
0 0.527169505271695 0.032758620689655175 0.012165450121654502 0.05
3 0.5267639902676399 0.13275862068965516 0.027575020275750203 0.11724137931034483
3 0.5819140308191403 0.052586206896551725 0.0786699107866991 0.10344827586206896
1 0.7096512570965126 0.019827586206896553 0.029197080291970802 0.02586206896551724
1 0.6905920519059205 0.05086206896551724 0.031630170316301706 0.03103448275862069
2 0.6638280616382806 0.09224137931034483 0.038118410381184104 0.05172413793103448
2 0.6743714517437145 0.3396551724137931 0.039740470397404706 0.14655172413793102
4 0.5304136253041363 0.2974137931034483 0.025141930251419302 0.05