3 0.5462287104622872 0.7120689655172414 0.07380373073803731 0.11206896551724138
1 0.6759935117599352 0.7344827586206897 0.014598540145985401 0.0706896551724138
1 0.67558799675588 0.6586206896551724 0.013787510137875101 0.0706896551724138
1 0.7157339821573399 0.9086206896551724 0.010543390105433901 0.04827586206896552
1 0.5393349553933495 0.9396551724137931 0.021086780210867802 0.022413793103448276
1 0.7072181670721817 0.39655172413793105 0.021086780210867802 0.022413793103448276
1 0.6828872668288727 0.38017241379310346 0.010543390105433901 0.04655172413793104
1 0.7003244120032441 0.33706896551724136 0.021086780210867802 0.022413793103448276
1 0.6832927818329279 0.23448275862068965 0.012165450121654502 0.06206896551724138
1 0.7076236820762368 0.20948275862068966 0.0202757502027575 0.022413793103448276
0 0.681265206812652 0.1724137931034483 0.021086780210867802 0.022413793103448276
0 0.708029197080292 0.026724137931034484 0.009732360097323601 0.04482758620689655
3 0.654095701540957 0.04655172413793104 0.07380373073803731 0.09310344827586207
1 0.5259529602595296 0.010344827586206896 0.031630170316301706 0.020689655172413793
1 0.5462287104622872 0.041379310344827586 0.030819140308191405 0.029310344827586206
2 0.5717761557177615 0.08362068965517241 0.038929440389294405 0.04310344827586207
2 0.5579886455798865 0.328448275862069 0.039740470397404706 0.14310344827586208
4 0.7011354420113545 0.2913793103448276 0.024330900243309004 0.04655172413793104
3 0.708029197080292 0.1267241379310345 0.028386050283860504 0.12413793103448276
1 0.48905109489051096 0.9137931034482759 0.009732360097323601 0.04827586206896552
1 0.44768856447688565 0.7413793103448276 0.012976480129764802 0.06551724137931035
1 0.4468775344687753 0.6629310344827586 0.012976480129764802 0.06724137931034482
1 0.3098134630981346 0.946551724137931 0.021897810218978103 0.022413793103448276
3 0.3167072181670722 0.718103448275862 0.0746147607461476 0.11379310344827587
1 0.47769667477696676 0.4 0.021897810218978103 0.022413793103448276
1 0.4708029197080292 0.3422413793103448 0.0227088402270884 0.02413793103448276
1 0.45336577453365773 0.3853448275862069 0.0113544201135442 0.04655172413793104
1 0.45255474452554745 0.23879310344827587 0.013787510137875101 0.0706896551724138
1 0.4772911597729116 0.21465517241379312 0.021086780210867802 0.02586206896551724
0 0.4497161394971614 0.17672413793103448 0.0227088402270884 0.022413793103448276
0 0.4764801297648013 0.03189655172413793 0.0113544201135442 0.05
3 0.47607461476074614 0.13189655172413794 0.0267639902676399 0.11551724137931034
3 0.42173560421735606 0.05 0.07785888077858881 0.1
1 0.2944038929440389 0.01206896551724138 0.029197080291970802 0.02413793103448276
1 0.31305758313057586 0.04396551724137931 0.031630170316301706 0.029310344827586206
2 0.33941605839416056 0.08620689655172414 0.038118410381184104 0.05
2 0.32684509326845096 0.3336206896551724 0.038929440389294405 0.14482758620689656
4 0.47120843471208435 0.296551724137931 0.025141930251419302 0.04827586206896552