3 0.4537712895377129 0.28793103448275864 0.07380373073803731 0.11206896551724138
1 0.3240064882400649 0.2655172413793103 0.014598540145985401 0.0706896551724138
1 0.32441200324412 0.3413793103448276 0.013787510137875101 0.0706896551724138
1 0.2842660178426602 0.09137931034482759 0.010543390105433901 0.04827586206896552
1 0.4606650446066504 0.0603448275862069 0.021086780210867802 0.022413793103448276
1 0.29278183292781834 0.603448275862069 0.021086780210867802 0.022413793103448276
1 0.3171127331711273 0.6198275862068966 0.010543390105433901 0.04655172413793104
1 0.29967558799675587 0.6629310344827586 0.021086780210867802 0.022413793103448276
1 0.3167072181670722 0.7655172413793103 0.012165450121654502 0.06206896551724138
1 0.2923763179237632 0.7905172413793103 0.0202757502027575 0.022413793103448276
0 0.31873479318734793 0.8275862068965517 0.021086780210867802 0.022413793103448276
0 0.291970802919708 0.9732758620689655 0.009732360097323601 0.04482758620689655
3 0.3450932684509327 0.9525862068965517 0.07380373073803731 0.09482758620689655
1 0.4732360097323601 0.9896551724137931 0.031630170316301706 0.020689655172413793
1 0.4537712895377129 0.9586206896551724 0.030819140308191405 0.029310344827586206
2 0.4282238442822384 0.9163793103448276 0.038929440389294405 0.04310344827586207
2 0.4420113544201135 0.6715517241379311 0.039740470397404706 0.14310344827586208
4 0.2988645579886456 0.7086206896551724 0.024330900243309004 0.04655172413793104
3 0.291970802919708 0.8732758620689656 0.028386050283860504 0.12413793103448276
1 0.5109489051094891 0.08620689655172414 0.009732360097323601 0.04827586206896552
1 0.5523114355231143 0.25862068965517243 0.012976480129764802 0.06551724137931035
1 0.5531224655312247 0.33706896551724136 0.012976480129764802 0.06724137931034482
1 0.6901865369018654 0.05344827586206897 0.021897810218978103 0.022413793103448276
3 0.6832927818329279 0.2818965517241379 0.0746147607461476 0.11379310344827587
1 0.5223033252230332 0.6 0.021897810218978103 0.022413793103448276
1 0.5291970802919708 0.6577586206896552 0.0227088402270884 0.02413793103448276
1 0.5466342254663422 0.6146551724137931 0.0113544201135442 0.04655172413793104
1 0.5474452554744526 0.7612068965517241 0.013787510137875101 0.0706896551724138
1 0.5227088402270884 0.7853448275862069 0.021086780210867802 0.02586206896551724
0 0.5502838605028386 0.8232758620689655 0.0227088402270884 0.022413793103448276
0 0.5235198702351987 0.968103448275862 0.0113544201135442 0.05
3 0.5239253852392538 0.868103448275862 0.0267639902676399 0.11551724137931034
3 0.578264395782644 0.95 0.07785888077858881 0.1
1 0.7055961070559611 0.9879310344827587 0.029197080291970802 0.02413793103448276
1 0.6869424168694241 0.9560344827586207 0.031630170316301706 0.029310344827586206
2 0.6605839416058394 0.9137931034482759 0.038118410381184104 0.05
2 0.6731549067315491 0.6663793103448276 0.038929440389294405 0.14482758620689656
4 0.5287915652879156 0.7034482758620689 0.025141930251419302 0.04827586206896552