3 0.4002433090024331 0.4017241379310345 0.05271695052716951 0.15689655172413794
1 0.3896999188969992 0.12586206896551724 0.0332522303325223 0.03103448275862069
1 0.4253852392538524 0.1267241379310345 0.0332522303325223 0.029310344827586206
1 0.3077858880778589 0.041379310344827586 0.0227088402270884 0.022413793103448276
3 0.22992700729927007 0.1543103448275862 0.058394160583941604 0.15
2 0.20316301703163017 0.325 0.0186536901865369 0.07758620689655173
1 0.22262773722627738 0.378448275862069 0.012976480129764802 0.06896551724137931
1 0.23763179237631793 0.4146551724137931 0.012165450121654502 0.05862068965517241
1 0.29318734793187345 0.4163793103448276 0.010543390105433901 0.04482758620689655
0 0.22952149229521493 0.04224137931034483 0.0227088402270884 0.020689655172413793
1 0.1492295214922952 0.04310344827586207 0.0113544201135442 0.04655172413793104
1 0.13746958637469586 0.0939655172413793 0.031630170316301706 0.02586206896551724
4 0.11192214111922141 0.05775862068965517 0.021086780210867802 0.05344827586206897
1 0.09124087591240876 0.05862068965517241 0.0113544201135442 0.04482758620689655
1 0.06569343065693431 0.045689655172413794 0.0113544201135442 0.04482758620689655
1 0.07218167072181671 0.09568965517241379 0.0227088402270884 0.022413793103448276
3 0.18613138686131386 0.04482758620689655 0.0535279805352798 0.05517241379310345
0 0.16463909164639093 0.09913793103448276 0.010543390105433901 0.039655172413793106
2 0.09407948094079481 0.35258620689655173 0.0640713706407137 0.07931034482758621
1 0.5486618004866181 0.059482758620689656 0.010543390105433901 0.04482758620689655
1 0.5563665855636658 0.11120689655172414 0.021897810218978103 0.022413793103448276
1 0.5766423357664233 0.07413793103448275 0.010543390105433901 0.04482758620689655
1 0.6248986212489862 0.1103448275862069 0.029197080291970802 0.02586206896551724
1 0.6366585563665855 0.05862068965517241 0.010543390105433901 0.04310344827586207
0 0.654095701540957 0.1146551724137931 0.010543390105433901 0.04482758620689655
0 0.7226277372262774 0.05775862068965517 0.021086780210867802 0.020689655172413793
3 0.7258718572587186 0.17155172413793104 0.06974858069748581 0.15689655172413794
1 0.8057583130575832 0.056896551724137934 0.021897810218978103 0.02413793103448276
1 0.8921330089213301 0.14482758620689656 0.032441200324412 0.027586206896551724
1 0.929845904298459 0.1456896551724138 0.0340632603406326 0.027586206896551724
3 0.9059205190592052 0.42586206896551726 0.06163828061638281 0.16206896551724137
1 0.7907542579075426 0.4396551724137931 0.010543390105433901 0.04827586206896552
1 0.7319545823195458 0.44396551724137934 0.012976480129764802 0.06724137931034482
1 0.7157339821573399 0.4017241379310345 0.013787510137875101 0.06551724137931035
2 0.6958637469586375 0.3474137931034483 0.0202757502027575 0.08275862068965517
2 0.5806974858069749 0.3767241379310345 0.06731549067315491 0.08448275862068966
4 0.5981346309813463 0.07241379310344828 0.021897810218978103 0.05172413793103448
3 0.67558799675588 0.05775862068965517 0.058394160583941604 0.0603448275862069
1 0.06163828061638281 0.5232758620689655 0.009732360097323601 0.04482758620689655
1 0.06731549067315491 0.575 0.021897810218978103 0.020689655172413793
1 0.08718572587185726 0.5387931034482759 0.010543390105433901 0.04482758620689655
1 0.13341443633414438 0.575 0.030008110300081103 0.02586206896551724
1 0.14517437145174372 0.5232758620689655 0.009732360097323601 0.04655172413793104
1 0.305352798053528 0.5232758620689655 0.0227088402270884 0.020689655172413793
1 0.386455798864558 0.6112068965517241 0.030819140308191405 0.027586206896551724
1 0.4233576642335766 0.6129310344827587 0.031630170316301706 0.027586206896551724
1 0.2899432278994323 0.9043103448275862 0.010543390105433901 0.04655172413793104
1 0.23438767234387672 0.9077586206896552 0.012165450121654502 0.06724137931034482
1 0.21897810218978103 0.8646551724137931 0.013787510137875101 0.06896551724137931
2 0.19951338199513383 0.8112068965517242 0.019464720194647202 0.08103448275862069
2 0.09042984590429846 0.8362068965517241 0.0665044606650446 0.08103448275862069
4 0.10827250608272507 0.5362068965517242 0.021086780210867802 0.05172413793103448
0 0.16098945660989455 0.5784482758620689 0.010543390105433901 0.04655172413793104
0 0.22627737226277372 0.5224137931034483 0.0227088402270884 0.020689655172413793
3 0.18248175182481752 0.5241379310344828 0.05596107055961071 0.05862068965517241
3 0.22830494728304948 0.6370689655172413 0.06326034063260341 0.15862068965517243
3 0.39740470397404704 0.8896551724137931 0.0535279805352798 0.15862068965517243
1 0.5470397404703974 0.5474137931034483 0.010543390105433901 0.04655172413793104
1 0.5742092457420924 0.5620689655172414 0.0113544201135442 0.04827586206896552
1 0.5539334955393349 0.5991379310344828 0.021897810218978103 0.02413793103448276
1 0.6228710462287105 0.6008620689655172 0.0332522303325223 0.029310344827586206
1 0.6342254663422546 0.5482758620689655 0.012165450121654502 0.04482758620689655
0 0.6520681265206812 0.6068965517241379 0.010543390105433901 0.04827586206896552
0 0.7201946472019465 0.55 0.023519870235198703 0.02413793103448276
3 0.6731549067315491 0.5508620689655173 0.054339010543390104 0.056896551724137934
3 0.7230332522303325 0.6663793103448276 0.06974858069748581 0.16551724137931034
1 0.8049472830494728 0.5508620689655173 0.023519870235198703 0.02413793103448276
1 0.8905109489051095 0.6422413793103449 0.034874290348742905 0.027586206896551724
1 0.9282238442822385 0.6431034482758621 0.035685320356853206 0.027586206896551724
3 0.9038929440389294 0.9206896551724137 0.062449310624493104 0.15517241379310345
1 0.7307380373073804 0.9370689655172414 0.013787510137875101 0.06206896551724138
1 0.7145174371451744 0.8974137931034483 0.013787510137875101 0.06724137931034482
2 0.694647201946472 0.8413793103448276 0.023519870235198703 0.08103448275862069
2 0.578264395782644 0.868103448275862 0.0681265206812652 0.08275862068965517
4 0.5957015409570154 0.5612068965517242 0.0227088402270884 0.05344827586206897
1 0.7895377128953771 0.9396551724137931 0.012165450121654502 0.05