3 0.5997566909975669 0.4017241379310345 0.05271695052716951 0.15689655172413794
1 0.6103000811030008 0.12586206896551724 0.0332522303325223 0.03103448275862069
1 0.5746147607461476 0.1267241379310345 0.0332522303325223 0.029310344827586206
1 0.6922141119221411 0.041379310344827586 0.0227088402270884 0.022413793103448276
3 0.7700729927007299 0.1543103448275862 0.058394160583941604 0.15
2 0.7968369829683698 0.325 0.0186536901865369 0.07758620689655173
1 0.7773722627737226 0.378448275862069 0.012976480129764802 0.06896551724137931
1 0.7623682076236821 0.4146551724137931 0.012165450121654502 0.05862068965517241
1 0.7068126520681265 0.4163793103448276 0.010543390105433901 0.04482758620689655
0 0.7704785077047851 0.04224137931034483 0.0227088402270884 0.020689655172413793
1 0.8507704785077048 0.04310344827586207 0.0113544201135442 0.04655172413793104
1 0.8625304136253041 0.0939655172413793 0.031630170316301706 0.02586206896551724
4 0.8880778588807786 0.05775862068965517 0.021086780210867802 0.05344827586206897
1 0.9087591240875912 0.05862068965517241 0.0113544201135442 0.04482758620689655
1 0.9343065693430657 0.045689655172413794 0.0113544201135442 0.04482758620689655
1 0.9278183292781833 0.09568965517241379 0.0227088402270884 0.022413793103448276
3 0.8138686131386861 0.04482758620689655 0.0535279805352798 0.05517241379310345
0 0.8353609083536091 0.09913793103448276 0.010543390105433901 0.039655172413793106
2 0.9059205190592052 0.35258620689655173 0.0640713706407137 0.07931034482758621
1 0.451338199513382 0.059482758620689656 0.010543390105433901 0.04482758620689655
1 0.44363341443633414 0.11120689655172414 0.021897810218978103 0.022413793103448276
1 0.4233576642335766 0.07413793103448275 0.010543390105433901 0.04482758620689655
1 0.3751013787510138 0.1103448275862069 0.029197080291970802 0.02586206896551724
1 0.3633414436334144 0.05862068965517241 0.010543390105433901 0.04310344827586207
0 0.34590429845904297 0.1146551724137931 0.010543390105433901 0.04482758620689655
0 0.2773722627737226 0.05775862068965517 0.021086780210867802 0.020689655172413793
3 0.27412814274128144 0.17155172413793104 0.06974858069748581 0.15689655172413794
1 0.19424168694241686 0.056896551724137934 0.021897810218978103 0.02413793103448276
1 0.10786699107866991 0.14482758620689656 0.032441200324412 0.027586206896551724
1 0.07015409570154096 0.1456896551724138 0.0340632603406326 0.027586206896551724
3 0.09407948094079481 0.42586206896551726 0.06163828061638281 0.16206896551724137
1 0.20924574209245742 0.4396551724137931 0.010543390105433901 0.04827586206896552
1 0.2680454176804542 0.44396551724137934 0.012976480129764802 0.06724137931034482
1 0.2842660178426602 0.4017241379310345 0.013787510137875101 0.06551724137931035
2 0.30413625304136255 0.3474137931034483 0.0202757502027575 0.08275862068965517
2 0.41930251419302517 0.3767241379310345 0.06731549067315491 0.08448275862068966
4 0.4018653690186537 0.07241379310344828 0.021897810218978103 0.05172413793103448
3 0.32441200324412 0.05775862068965517 0.058394160583941604 0.0603448275862069
1 0.9383617193836172 0.5232758620689655 0.009732360097323601 0.04482758620689655
1 0.9326845093268451 0.575 0.021897810218978103 0.020689655172413793
1 0.9128142741281428 0.5387931034482759 0.010543390105433901 0.04482758620689655
1 0.8665855636658556 0.575 0.030008110300081103 0.02586206896551724
1 0.8548256285482563 0.5232758620689655 0.009732360097323601 0.04655172413793104
1 0.694647201946472 0.5232758620689655 0.0227088402270884 0.020689655172413793
1 0.6135442011354421 0.6112068965517241 0.030819140308191405 0.027586206896551724
1 0.5766423357664233 0.6129310344827587 0.031630170316301706 0.027586206896551724
1 0.7100567721005677 0.9043103448275862 0.010543390105433901 0.04655172413793104
1 0.7656123276561233 0.9077586206896552 0.012165450121654502 0.06724137931034482
1 0.781021897810219 0.8646551724137931 0.013787510137875101 0.06896551724137931
2 0.8004866180048662 0.8112068965517242 0.019464720194647202 0.08103448275862069
2 0.9095701540957015 0.8362068965517241 0.0665044606650446 0.08103448275862069
4 0.8917274939172749 0.5362068965517242 0.021086780210867802 0.05172413793103448
0 0.8390105433901054 0.5784482758620689 0.010543390105433901 0.04655172413793104
0 0.7737226277372263 0.5224137931034483 0.0227088402270884 0.020689655172413793
3 0.8175182481751825 0.5241379310344828 0.05596107055961071 0.05862068965517241
3 0.7716950527169505 0.6370689655172413 0.06326034063260341 0.15862068965517243
3 0.602595296025953 0.8896551724137931 0.0535279805352798 0.15862068965517243
1 0.4529602595296026 0.5474137931034483 0.010543390105433901 0.04655172413793104
1 0.4257907542579075 0.5620689655172414 0.0113544201135442 0.04827586206896552
1 0.44606650446066504 0.5991379310344828 0.021897810218978103 0.02413793103448276
1 0.3771289537712895 0.6008620689655172 0.0332522303325223 0.029310344827586206
1 0.3657745336577453 0.5482758620689655 0.012165450121654502 0.04482758620689655
0 0.34793187347931875 0.6068965517241379 0.010543390105433901 0.04827586206896552
0 0.2798053527980535 0.55 0.023519870235198703 0.02413793103448276
3 0.32684509326845096 0.5508620689655173 0.054339010543390104 0.056896551724137934
3 0.27696674776966745 0.6663793103448276 0.06974858069748581 0.16551724137931034
1 0.19505271695052717 0.5508620689655173 0.023519870235198703 0.02413793103448276
1 0.10948905109489052 0.6422413793103449 0.034874290348742905 0.027586206896551724
1 0.07177615571776155 0.6431034482758621 0.035685320356853206 0.027586206896551724
3 0.09610705596107055 0.9206896551724137 0.062449310624493104 0.15517241379310345
1 0.26926196269261965 0.9370689655172414 0.013787510137875101 0.06206896551724138
1 0.28548256285482565 0.8974137931034483 0.013787510137875101 0.06724137931034482
2 0.305352798053528 0.8413793103448276 0.023519870235198703 0.08103448275862069
2 0.42173560421735606 0.868103448275862 0.0681265206812652 0.08275862068965517
4 0.4042984590429846 0.5612068965517242 0.0227088402270884 0.05344827586206897
1 0.21046228710462286 0.9396551724137931 0.012165450121654502 0.05