3 0.47566909975669097 0.27241379310344827 0.08353609083536091 0.1413793103448276
1 0.35077047850770476 0.19310344827586207 0.021086780210867802 0.07586206896551724
1 0.34387672343876724 0.2672413793103448 0.0202757502027575 0.07586206896551724
1 0.3288726682887267 0.015517241379310345 0.015409570154095702 0.03103448275862069
1 0.5044606650446066 0.052586206896551725 0.0227088402270884 0.03103448275862069
1 0.2871046228710462 0.5094827586206897 0.0227088402270884 0.03103448275862069
1 0.30940794809407945 0.5362068965517242 0.014598540145985401 0.05
1 0.28791565287915655 0.5706896551724138 0.0227088402270884 0.03103448275862069
1 0.29480940794809407 0.678448275862069 0.017842660178426603 0.06551724137931035
1 0.2684509326845093 0.6922413793103448 0.021897810218978103 0.03103448275862069
0 0.29075425790754256 0.7405172413793103 0.0227088402270884 0.03103448275862069
0 0.2502027575020276 0.8706896551724138 0.013787510137875101 0.04827586206896552
3 0.30413625304136255 0.8741379310344828 0.08110300081103 0.12586206896551724
1 0.4257907542579075 0.9672413793103448 0.0332522303325223 0.034482758620689655
1 0.4099756690997567 0.928448275862069 0.0332522303325223 0.04310344827586207
2 0.3888888888888889 0.8758620689655172 0.042173560421735604 0.05862068965517241
2 0.42660178426601786 0.6422413793103449 0.05271695052716951 0.15689655172413794
4 0.28304947283049475 0.6155172413793103 0.028386050283860504 0.056896551724137934
3 0.2599351175993512 0.7732758620689655 0.039740470397404706 0.13448275862068965
1 0.551094890510949 0.1 0.014598540145985401 0.05172413793103448
1 0.5746147607461476 0.28706896551724137 0.019464720194647202 0.06896551724137931
1 0.5677210056772101 0.36379310344827587 0.019464720194647202 0.0706896551724138
1 0.7295214922952149 0.14741379310344827 0.023519870235198703 0.03103448275862069
3 0.7007299270072993 0.36810344827586206 0.08434712084347121 0.14482758620689656
1 0.5121654501216545 0.6077586206896551 0.023519870235198703 0.03103448275862069
1 0.5129764801297648 0.6672413793103448 0.024330900243309004 0.034482758620689655
1 0.5344687753446877 0.6327586206896552 0.015409570154095702 0.05
1 0.5206812652068127 0.7767241379310345 0.0202757502027575 0.07586206896551724
1 0.4943227899432279 0.7887931034482759 0.023519870235198703 0.034482758620689655
0 0.5174371451743714 0.8387931034482758 0.024330900243309004 0.032758620689655175
0 0.4772911597729116 0.968103448275862 0.016220600162206 0.05344827586206897
3 0.48742903487429035 0.8706896551724138 0.0373073803730738 0.12413793103448276
3 0.5320356853203568 0.9543103448275863 0.08596918085969181 0.09137931034482759
2 0.616382806163828 0.971551724137931 0.042173560421735604 0.056896551724137934
2 0.6532846715328468 0.7396551724137931 0.05190592051905921 0.15862068965517243
4 0.508110300081103 0.7120689655172414 0.029197080291970802 0.05862068965517241