4 0.263653483992467 0.7889221556886228 0.04143126177024482 0.05389221556886228
4 0.608286252354049 0.7754491017964071 0.03766478342749529 0.05389221556886228
4 0.9331450094161958 0.7664670658682635 0.035781544256120526 0.05389221556886228
3 0.2523540489642185 0.625748502994012 0.04143126177024482 0.12574850299401197
3 0.2947269303201507 0.625748502994012 0.04331450094161959 0.12574850299401197
3 0.19868173258003766 0.44610778443113774 0.1167608286252354 0.17365269461077845
3 0.06308851224105462 0.19760479041916168 0.11487758945386065 0.12874251497005987
3 0.5998116760828626 0.6182634730538922 0.03954802259887006 0.11976047904191617
3 0.6384180790960452 0.6182634730538922 0.03766478342749529 0.12275449101796407
3 0.9265536723163842 0.6107784431137725 0.03766478342749529 0.11676646706586827
3 0.9642184557438794 0.6107784431137725 0.03954802259887006 0.11976047904191617
3 0.5499058380414312 0.4431137724550898 0.09981167608286252 0.17065868263473055
3 0.4152542372881356 0.20359281437125748 0.10922787193973635 0.12275449101796407
3 0.7495291902071564 0.20359281437125748 0.10357815442561205 0.12275449101796407
3 0.879472693032015 0.44011976047904194 0.09416195856873823 0.16467065868263472
2 0.09981167608286252 0.7140718562874252 0.07344632768361582 0.15568862275449102
2 0.1431261770244821 0.5553892215568862 0.064030131826742 0.05089820359281437
2 0.4548022598870056 0.7035928143712575 0.064030131826742 0.15269461077844312
2 0.4952919020715631 0.5479041916167665 0.05649717514124294 0.04790419161676647
2 0.7909604519774012 0.6901197604790419 0.05649717514124294 0.1497005988023952
2 0.8248587570621468 0.5404191616766467 0.05649717514124294 0.04790419161676647
0 0.062146892655367235 0.48353293413173654 0.02824858757062147 0.08083832335329341
0 0.2871939736346516 0.47604790419161674 0.022598870056497175 0.059880239520958084
0 0.4190207156308851 0.47904191616766467 0.02448210922787194 0.08083832335329341
0 0.6290018832391714 0.468562874251497 0.018832391713747645 0.05389221556886228
0 0.7523540489642184 0.47604790419161674 0.02071563088512241 0.07784431137724551
0 0.9538606403013182 0.46706586826347307 0.02071563088512241 0.05389221556886228
1 0.3154425612052731 0.8802395209580839 0.04519774011299435 0.12574850299401197
1 0.22504708097928436 0.7934131736526946 0.03389830508474576 0.03293413173652695
1 0.2551789077212806 0.7200598802395209 0.03389830508474576 0.029940119760479042
1 0.3069679849340866 0.7335329341317365 0.02071563088512241 0.05688622754491018
1 0.1064030131826742 0.5059880239520959 0.05273069679849341 0.03592814371257485
1 0.11864406779661017 0.4431137724550898 0.026365348399246705 0.07784431137724551
1 0.044256120527306965 0.3562874251497006 0.035781544256120526 0.029940119760479042
1 0.2871939736346516 0.3413173652694611 0.022598870056497175 0.059880239520958084
1 0.4001883239171375 0.3562874251497006 0.03766478342749529 0.03293413173652695
1 0.6299435028248588 0.34281437125748504 0.018832391713747645 0.05688622754491018
1 0.4585687382297552 0.5014970059880239 0.05084745762711865 0.038922155688622756
1 0.4717514124293785 0.4416167664670659 0.022598870056497175 0.0748502994011976
1 0.571563088512241 0.7769461077844312 0.030131826741996232 0.03293413173652695
1 0.5988700564971752 0.7065868263473054 0.03389830508474576 0.03293413173652695
1 0.6497175141242938 0.7215568862275449 0.01694915254237288 0.05089820359281437
1 0.6581920903954802 0.8607784431137725 0.04143126177024482 0.11976047904191617
1 0.9811676082862524 0.8517964071856288 0.03766478342749529 0.11976047904191617
1 0.8973634651600754 0.7664670658682635 0.032015065913371 0.029940119760479042
1 0.923728813559322 0.6991017964071856 0.03389830508474576 0.02694610778443114
1 0.9717514124293786 0.7125748502994012 0.01694915254237288 0.05089820359281437
1 0.7890772128060264 0.49550898203592814 0.04519774011299435 0.038922155688622756
1 0.8013182674199624 0.43862275449101795 0.02071563088512241 0.0748502994011976
1 0.7354048964218456 0.3562874251497006 0.03389830508474576 0.03293413173652695
1 0.9519774011299436 0.3413173652694611 0.01694915254237288 0.05089820359281437