1 0.7602040816326531 0.05240174672489083 0.03571428571428571 0.020378457059679767
1 0.7225765306122449 0.06331877729257641 0.017857142857142856 0.043668122270742356
1 0.75 0.0982532751091703 0.03571428571428571 0.020378457059679767
1 0.7238520408163265 0.1804949053857351 0.021683673469387755 0.055312954876273655
1 0.7608418367346939 0.20232896652110627 0.03443877551020408 0.018922852983988356
1 0.7633928571428571 0.4890829694323144 0.017857142857142856 0.042212518195050945
1 0.6996173469387755 0.63391557496361 0.02040816326530612 0.053857350800582245
1 0.6989795918367347 0.6943231441048034 0.021683673469387755 0.056768558951965066
1 0.4846938775510204 0.45778748180494905 0.03443877551020408 0.018922852983988356
1 0.48278061224489793 0.35953420669577874 0.04974489795918367 0.024745269286754003
1 0.5095663265306123 0.3318777292576419 0.044642857142857144 0.023289665211062592
4 0.7506377551020408 0.13755458515283842 0.042091836734693876 0.040756914119359534
0 0.7200255102040817 0.23071324599708878 0.03316326530612245 0.018922852983988356
0 0.7614795918367347 0.34934497816593885 0.017857142857142856 0.042212518195050945
3 0.7602040816326531 0.2685589519650655 0.04081632653061224 0.0975254730713246
3 0.6804846938775511 0.34425036390101893 0.11734693877551021 0.12081513828238719
3 0.4968112244897959 0.6448326055312955 0.11479591836734694 0.0975254730713246
2 0.5497448979591837 0.29767103347889373 0.058673469387755105 0.036390101892285295
2 0.5286989795918368 0.10262008733624454 0.06505102040816327 0.11790393013100436
1 0.4017857142857143 0.040756914119359534 0.03316326530612245 0.017467248908296942
1 0.3635204081632653 0.05312954876273653 0.016581632653061226 0.039301310043668124
1 0.3909438775510204 0.08806404657933042 0.03443877551020408 0.018922852983988356
1 0.3635204081632653 0.1703056768558952 0.017857142857142856 0.055312954876273655
1 0.4030612244897959 0.19141193595342068 0.03571428571428571 0.017467248908296942
4 0.39158163265306123 0.12518195050946143 0.044642857142857144 0.039301310043668124
0 0.3590561224489796 0.21688500727802038 0.029336734693877552 0.01601164483260553
0 0.4030612244897959 0.33624454148471616 0.015306122448979591 0.03784570596797671
3 0.40114795918367346 0.2590975254730713 0.04336734693877551 0.09606986899563319
3 0.319515306122449 0.33478893740902477 0.11607142857142858 0.11935953420669577
1 0.40369897959183676 0.4774381368267831 0.01403061224489796 0.036390101892285295
1 0.3392857142857143 0.6200873362445415 0.017857142857142856 0.049490538573508006
1 0.33864795918367346 0.6826783114992722 0.016581632653061226 0.05240174672489083
3 0.13201530612244897 0.6353711790393013 0.1211734693877551 0.0975254730713246
1 0.11798469387755102 0.4468704512372635 0.030612244897959183 0.017467248908296942
1 0.11670918367346939 0.3486171761280932 0.042091836734693876 0.021834061135371178
1 0.14604591836734693 0.32023289665211063 0.04081632653061224 0.021834061135371178
2 0.18877551020408162 0.2867540029112082 0.05994897959183673 0.034934497816593885
2 0.16454081632653061 0.09170305676855896 0.061224489795918366 0.11790393013100436
2 0.1485969387755102 0.9483260553129549 0.06505102040816327 0.10334788937409024
1 0.38903061224489793 0.901018922852984 0.03316326530612245 0.018922852983988356
1 0.3494897959183674 0.9141193595342066 0.016581632653061226 0.039301310043668124
1 0.37755102040816324 0.9483260553129549 0.03571428571428571 0.018922852983988356
4 0.37755102040816324 0.9832605531295487 0.04081632653061224 0.033478893740902474
2 0.5178571428571429 0.9519650655021834 0.058673469387755105 0.09606986899563319
1 0.75 0.9097525473071325 0.03316326530612245 0.020378457059679767
1 0.7110969387755102 0.9213973799126638 0.016581632653061226 0.042212518195050945
1 0.7385204081632653 0.9563318777292577 0.03443877551020408 0.021834061135371178
4 0.7404336734693877 0.9868995633187773 0.039540816326530615 0.026200873362445413
2 0.8743622448979592 0.9563318777292577 0.05994897959183673 0.08733624454148471
3 0.8520408163265306 0.653566229985444 0.11224489795918367 0.0975254730713246
1 0.8392857142857143 0.46870451237263466 0.03316326530612245 0.021834061135371178
1 0.8386479591836735 0.3697234352256186 0.05102040816326531 0.024745269286754003
1 0.8692602040816326 0.3420669577874818 0.0548469387755102 0.027656477438136828
2 0.9068877551020408 0.3078602620087336 0.05994897959183673 0.039301310043668124
2 0.8852040816326531 0.11135371179039301 0.06377551020408163 0.12081513828238719