3 0.9100609756097561 0.9332460732984293 0.1676829268292683 0.112565445026178
3 0.39176829268292684 0.9227748691099477 0.16158536585365854 0.10471204188481675
3 0.6371951219512195 0.4293193717277487 0.057926829268292686 0.10209424083769633
3 0.5746951219512195 0.4293193717277487 0.057926829268292686 0.10471204188481675
3 0.7103658536585366 0.2774869109947644 0.1524390243902439 0.14397905759162305
3 0.9207317073170732 0.06282722513089005 0.15853658536585366 0.10732984293193717
3 0.4070121951219512 0.06675392670157068 0.16463414634146342 0.1099476439790576
3 0.1951219512195122 0.27356020942408377 0.15548780487804878 0.14921465968586387
3 0.12195121951219512 0.42539267015706805 0.06097560975609756 0.10732984293193717
3 0.05945121951219512 0.42539267015706805 0.06402439024390244 0.10732984293193717
4 0.6219512195121951 0.5641361256544503 0.057926829268292686 0.04450261780104712
4 0.11128048780487805 0.5589005235602095 0.057926829268292686 0.04450261780104712
2 0.8536585365853658 0.4986910994764398 0.09451219512195122 0.1256544502617801
2 0.8003048780487805 0.36518324607329844 0.08536585365853659 0.03926701570680628
2 0.3323170731707317 0.49607329842931935 0.08841463414634146 0.1256544502617801
2 0.2850609756097561 0.3612565445026178 0.09146341463414634 0.03926701570680628
0 0.9146341463414634 0.306282722513089 0.036585365853658534 0.07068062827225131
0 0.5929878048780488 0.3023560209424084 0.03048780487804878 0.041884816753926704
0 0.39634146341463417 0.3036649214659686 0.03353658536585366 0.06282722513089005
0 0.07774390243902439 0.299738219895288 0.027439024390243903 0.04712041884816754
1 0.5442073170731707 0.6387434554973822 0.06097560975609756 0.10471204188481675
1 0.6798780487804879 0.5654450261780105 0.054878048780487805 0.02617801047120419
1 0.635670731707317 0.5052356020942408 0.04878048780487805 0.02356020942408377
1 0.5609756097560976 0.518324607329843 0.027439024390243903 0.04450261780104712
1 0.8582317073170732 0.32591623036649214 0.07317073170731707 0.034031413612565446
1 0.8384146341463414 0.27356020942408377 0.03353658536585366 0.06806282722513089
1 0.9466463414634146 0.20026178010471204 0.06097560975609756 0.031413612565445025
1 0.5929878048780488 0.19109947643979058 0.03048780487804878 0.049738219895287955
1 0.1676829268292683 0.5602094240837696 0.051829268292682924 0.02617801047120419
1 0.12347560975609756 0.5013089005235603 0.054878048780487805 0.02356020942408377
1 0.04573170731707317 0.5130890052356021 0.03048780487804878 0.041884816753926704
1 0.42835365853658536 0.20026178010471204 0.06402439024390244 0.028795811518324606
1 0.3399390243902439 0.32460732984293195 0.07621951219512195 0.028795811518324606
1 0.3201219512195122 0.2761780104712042 0.039634146341463415 0.06544502617801047
1 0.08384146341463415 0.18848167539267016 0.03353658536585366 0.04450261780104712
1 0.03353658536585366 0.6335078534031413 0.06707317073170732 0.10471204188481675