1 0.45471938775510207 0.9898107714701602 0.036989795918367346 0.020378457059679767
1 0.4955357142857143 0.9861717612809315 0.039540816326530615 0.027656477438136828
1 0.5165816326530612 0.9082969432314411 0.04591836734693878 0.05967976710334789
1 0.5573979591836735 0.9155749636098981 0.036989795918367346 0.03784570596797671
1 0.7072704081632653 0.6855895196506551 0.03571428571428571 0.046579330422125184
1 0.7302295918367347 0.5254730713245997 0.044642857142857144 0.056768558951965066
1 0.7608418367346939 0.4759825327510917 0.047193877551020405 0.0611353711790393
1 0.4655612244897959 0.5240174672489083 0.036989795918367346 0.03784570596797671
1 0.4139030612244898 0.6018922852983989 0.05357142857142857 0.053857350800582245
1 0.42091836734693877 0.6426491994177583 0.04846938775510204 0.049490538573508006
4 0.5159438775510204 0.9614264919941776 0.0548469387755102 0.0611353711790393
0 0.5395408163265306 0.8653566229985444 0.036989795918367346 0.03784570596797671
0 0.6339285714285714 0.7969432314410481 0.03571428571428571 0.046579330422125184
3 0.5911989795918368 0.8617176128093159 0.08290816326530612 0.10625909752547306
3 0.5656887755102041 0.7467248908296943 0.1568877551020408 0.17612809315866085
3 0.5720663265306123 0.38064046579330424 0.14285714285714285 0.15574963609898107
2 0.4362244897959184 0.6972343522561864 0.0663265306122449 0.06841339155749636
2 0.3182397959183674 0.8406113537117904 0.11352040816326531 0.13973799126637554
1 0.18431122448979592 0.8056768558951966 0.03571428571428571 0.036390101892285295
1 0.15943877551020408 0.7700145560407569 0.03316326530612245 0.042212518195050945
1 0.1996173469387755 0.759825327510917 0.036989795918367346 0.03784570596797671
1 0.22002551020408162 0.6754002911208151 0.04336734693877551 0.056768558951965066
1 0.2627551020408163 0.6848617176128093 0.03826530612244898 0.03784570596797671
4 0.2193877551020408 0.7307132459970888 0.05612244897959184 0.0611353711790393
0 0.24043367346938777 0.6346433770014556 0.03188775510204082 0.03202328966521106
0 0.33737244897959184 0.5676855895196506 0.03188775510204082 0.040756914119359534
3 0.29591836734693877 0.62882096069869 0.08418367346938775 0.10625909752547306
3 0.26913265306122447 0.512372634643377 0.1556122448979592 0.17467248908296942
1 0.4107142857142857 0.4534206695778748 0.030612244897959183 0.039301310043668124
1 0.4317602040816326 0.29475982532751094 0.039540816326530615 0.05240174672489083
1 0.46364795918367346 0.2438136826783115 0.04081632653061224 0.053857350800582245
3 0.27232142857142855 0.1433770014556041 0.14795918367346939 0.16011644832605532
1 0.16326530612244897 0.2867540029112082 0.03316326530612245 0.034934497816593885
1 0.11224489795918367 0.3653566229985444 0.04591836734693878 0.046579330422125184
1 0.1211734693877551 0.40829694323144106 0.044642857142857144 0.04512372634643377
2 0.13839285714285715 0.4636098981077147 0.0663265306122449 0.06841339155749636
2 0.03635204081632653 0.6055312954876274 0.07270408163265306 0.13682678311499272
1 0.6167091836734694 0.10116448326055313 0.036989795918367346 0.03784570596797671
1 0.5918367346938775 0.06404657933042213 0.03316326530612245 0.042212518195050945
1 0.6320153061224489 0.055312954876273655 0.03826530612244898 0.039301310043668124
4 0.6498724489795918 0.026928675400291122 0.04974489795918367 0.053857350800582245
2 0.7474489795918368 0.1462882096069869 0.09693877551020408 0.11644832605531295
1 0.9132653061224489 0.33624454148471616 0.036989795918367346 0.039301310043668124
1 0.8877551020408163 0.3005822416302766 0.03571428571428571 0.04512372634643377
1 0.9279336734693877 0.29112081513828236 0.039540816326530615 0.040756914119359534
4 0.9451530612244898 0.26710334788937407 0.04591836734693878 0.048034934497816595
3 0.8641581632653061 0.6120815138282387 0.14158163265306123 0.15429403202328967
1 0.7582908163265306 0.75254730713246 0.03826530612244898 0.039301310043668124
1 0.7066326530612245 0.8326055312954876 0.05357142857142857 0.053857350800582245
1 0.7174744897959183 0.8755458515283843 0.058673469387755105 0.05967976710334789
2 0.7302295918367347 0.9286754002911208 0.06887755102040816 0.07132459970887918