1 0.892219387755102 0.7969432314410481 0.017857142857142856 0.040756914119359534
1 0.8826530612244898 0.7540029112081513 0.03826530612244898 0.020378457059679767
1 0.8520408163265306 0.7860262008733624 0.017857142857142856 0.040756914119359534
1 0.7799744897959183 0.7554585152838428 0.04846938775510204 0.024745269286754003
1 0.7608418367346939 0.7976710334788938 0.016581632653061226 0.039301310043668124
1 0.5095663265306123 0.8005822416302766 0.036989795918367346 0.020378457059679767
1 0.3826530612244898 0.727802037845706 0.047193877551020405 0.023289665211062592
1 0.32971938775510207 0.7270742358078602 0.04974489795918367 0.024745269286754003
1 0.5369897959183674 0.48253275109170307 0.016581632653061226 0.039301310043668124
1 0.6230867346938775 0.48034934497816595 0.021683673469387755 0.056768558951965066
1 0.6473214285714286 0.5109170305676856 0.02040816326530612 0.050946142649199416
4 0.8176020408163265 0.7860262008733624 0.03571428571428571 0.048034934497816595
0 0.735969387755102 0.7510917030567685 0.016581632653061226 0.03784570596797671
0 0.6320153061224489 0.7983988355167394 0.036989795918367346 0.020378457059679767
3 0.7028061224489796 0.7969432314410481 0.08545918367346939 0.046579330422125184
3 0.6364795918367347 0.7059679767103348 0.10586734693877552 0.1339155749636099
3 0.37308673469387754 0.4963609898107715 0.08545918367346939 0.13100436681222707
2 0.6772959183673469 0.5567685589519651 0.03188775510204082 0.06695778748180495
2 0.8482142857142857 0.5327510917030568 0.10331632653061225 0.07423580786026202
1 0.9024234693877551 0.3879184861717613 0.015306122448979591 0.03784570596797671
1 0.8915816326530612 0.34425036390101893 0.03443877551020408 0.018922852983988356
1 0.860969387755102 0.37554585152838427 0.016581632653061226 0.039301310043668124
1 0.7889030612244898 0.34425036390101893 0.04846938775510204 0.020378457059679767
1 0.7704081632653061 0.3893740902474527 0.015306122448979591 0.040756914119359534
4 0.8284438775510204 0.37627365356623 0.03443877551020408 0.050946142649199416
0 0.7480867346938775 0.33915574963609896 0.01403061224489796 0.033478893740902474
0 0.6434948979591837 0.3893740902474527 0.03316326530612245 0.017467248908296942
3 0.7110969387755102 0.38719068413391555 0.08418367346938775 0.049490538573508006
3 0.6447704081632653 0.2940320232896652 0.10459183673469388 0.1324599708879185
1 0.5191326530612245 0.3901018922852984 0.03188775510204082 0.01601164483260553
1 0.3947704081632653 0.3165938864628821 0.04336734693877551 0.020378457059679767
1 0.3399234693877551 0.3158660844250364 0.04591836734693878 0.018922852983988356
3 0.38137755102040816 0.08005822416302766 0.08545918367346939 0.13828238719068414
1 0.5465561224489796 0.06404657933042213 0.015306122448979591 0.034934497816593885
1 0.6326530612244898 0.06259097525473072 0.01913265306122449 0.048034934497816595
1 0.6575255102040817 0.09606986899563319 0.01913265306122449 0.046579330422125184
2 0.6868622448979592 0.14410480349344978 0.030612244897959183 0.06841339155749636
2 0.857780612244898 0.11717612809315867 0.10331632653061225 0.06986899563318777
2 0.10395408163265306 0.09970887918486172 0.09566326530612244 0.07423580786026202
1 0.1485969387755102 0.37336244541484714 0.016581632653061226 0.03784570596797671
1 0.1371173469387755 0.3282387190684134 0.03443877551020408 0.018922852983988356
1 0.10714285714285714 0.36026200873362446 0.016581632653061226 0.040756914119359534
1 0.03316326530612245 0.32751091703056767 0.04591836734693878 0.023289665211062592
1 0.014668367346938776 0.37190684133915575 0.017857142857142856 0.039301310043668124
4 0.07397959183673469 0.36026200873362446 0.03443877551020408 0.046579330422125184
2 0.09630102040816327 0.5211062590975255 0.09948979591836735 0.06695778748180495
1 0.14094387755102042 0.7852983988355168 0.017857142857142856 0.03784570596797671
1 0.13073979591836735 0.7409024745269287 0.036989795918367346 0.018922852983988356
1 0.10012755102040816 0.772197962154294 0.01913265306122449 0.039301310043668124
1 0.028698979591836735 0.7416302765647744 0.04974489795918367 0.023289665211062592
1 0.009566326530612245 0.7852983988355168 0.016581632653061226 0.040756914119359534
4 0.06760204081632654 0.7743813682678311 0.03443877551020408 0.04512372634643377
2 0.0899234693877551 0.9279475982532751 0.09566326530612244 0.06841339155749636
3 0.36543367346938777 0.9017467248908297 0.08545918367346939 0.12809315866084425
1 0.5274234693877551 0.8871906841339156 0.01913265306122449 0.03784570596797671
1 0.6141581632653061 0.8864628820960698 0.021683673469387755 0.05822416302765648
1 0.6383928571428571 0.9213973799126638 0.02423469387755102 0.06259097525473072
2 0.6683673469387755 0.9643377001455604 0.03443877551020408 0.06841339155749636
2 0.8405612244897959 0.9395924308588064 0.10586734693877552 0.07278020378457059