3 0.0898170731707317 0.06651832460732986 0.1667073170731707 0.11178010471204189
3 0.6075914634146341 0.07764397905759163 0.16198170731707315 0.10570680628272253
3 0.3634451219512195 0.5702617801047121 0.057713414634146365 0.10267015706806275
3 0.42469512195121956 0.570759162303665 0.05890243902439022 0.10468586387434557
3 0.2895121951219512 0.7222251308900524 0.15137195121951222 0.1436387434554974
3 0.07923780487804877 0.9371989528795811 0.15728658536585366 0.10620418848167552
3 0.593170731707317 0.9334031413612566 0.16493902439024397 0.10976439790575904
3 0.8043292682926829 0.726282722513089 0.1560975609756099 0.14869109947643966
3 0.8779573170731708 0.5748167539267016 0.05948170731707314 0.10772251308900517
3 0.9407012195121952 0.5748167539267016 0.06362804878048782 0.10772251308900517
4 0.377530487804878 0.4355497382198953 0.05652439024390241 0.04560209424083774
4 0.8885365853658537 0.44138743455497387 0.05719512195121949 0.04442408376963358
2 0.14603658536585365 0.5010209424083769 0.09463414634146343 0.12628272251308903
2 0.19948170731707318 0.6343193717277487 0.08579268292682923 0.038586387434554996
2 0.6679268292682927 0.5045287958115183 0.08987804878048786 0.12510471204188486
2 0.7142378048780488 0.6381151832460733 0.09125000000000003 0.038010471204188434
0 0.0851219512195122 0.6930628272251309 0.036768292682926834 0.07073298429319368
0 0.4071646341463415 0.6980366492146596 0.0299695121951219 0.042094240837696445
0 0.6032621951219512 0.6957068062827225 0.03405487804878054 0.06196335078534021
0 0.9222256097560976 0.700366492146597 0.027926829268292586 0.047931937172774726
1 0.4558536585365854 0.36164921465968586 0.06024390243902436 0.10382198952879587
1 0.32057926829268296 0.43434554973821987 0.053567073170731686 0.025366492146596854
1 0.3640853658536585 0.4941884816753927 0.049237804878048796 0.024685863874345567
1 0.4396951219512195 0.48219895287958114 0.02795731707317078 0.04463350785340317
1 0.14237804878048782 0.6744240837696335 0.07442073170731706 0.03348167539267006
1 0.16204268292682927 0.7259947643979057 0.03426829268292681 0.0689790575916231
1 0.053353658536585365 0.8000523560209424 0.06103658536585364 0.031099476439790563
1 0.4066158536585366 0.8095287958115184 0.03109756097560972 0.049371727748691134
1 0.8317073170731708 0.44018324607329845 0.05243902439024404 0.025392670157068035
1 0.876829268292683 0.49842931937172774 0.05365853658536592 0.024607329842931878
1 0.9535060975609756 0.487303664921466 0.03201219512195122 0.0421465968586388
1 0.5714024390243903 0.7994240837696335 0.06332317073170726 0.029502617801047074
1 0.6599999999999999 0.6759424083769633 0.0768292682926829 0.029842931937172714
1 0.6791158536585366 0.7241623036649214 0.04015243902439029 0.06531413612565456
1 0.9159756097560976 0.8118586387434555 0.0335975609756097 0.04507853403141368
1 0.966219512195122 0.3669371727748691 0.0665243902439026 0.1041884816753927