1 0.892219387755102 0.20305676855895197 0.017857142857142856 0.040756914119359534
1 0.8826530612244898 0.24599708879184862 0.03826530612244898 0.020378457059679767
1 0.8520408163265306 0.21397379912663755 0.017857142857142856 0.040756914119359534
1 0.7799744897959183 0.2445414847161572 0.04846938775510204 0.024745269286754003
1 0.7608418367346939 0.20232896652110627 0.016581632653061226 0.039301310043668124
1 0.5095663265306123 0.19941775836972345 0.036989795918367346 0.020378457059679767
1 0.3826530612244898 0.27219796215429404 0.047193877551020405 0.023289665211062592
1 0.32971938775510207 0.27292576419213976 0.04974489795918367 0.024745269286754003
1 0.5369897959183674 0.517467248908297 0.016581632653061226 0.039301310043668124
1 0.6230867346938775 0.519650655021834 0.021683673469387755 0.056768558951965066
1 0.6473214285714286 0.4890829694323144 0.02040816326530612 0.050946142649199416
4 0.8176020408163265 0.21397379912663755 0.03571428571428571 0.048034934497816595
0 0.735969387755102 0.24890829694323144 0.016581632653061226 0.03784570596797671
0 0.6320153061224489 0.20160116448326054 0.036989795918367346 0.020378457059679767
3 0.7028061224489796 0.20305676855895197 0.08545918367346939 0.046579330422125184
3 0.6364795918367347 0.2940320232896652 0.10586734693877552 0.1339155749636099
3 0.37308673469387754 0.5036390101892285 0.08545918367346939 0.13100436681222707
2 0.6772959183673469 0.4432314410480349 0.03188775510204082 0.06695778748180495
2 0.8482142857142857 0.4672489082969432 0.10331632653061225 0.07423580786026202
1 0.9024234693877551 0.6120815138282387 0.015306122448979591 0.03784570596797671
1 0.8915816326530612 0.6557496360989811 0.03443877551020408 0.018922852983988356
1 0.860969387755102 0.6244541484716157 0.016581632653061226 0.039301310043668124
1 0.7889030612244898 0.6557496360989811 0.04846938775510204 0.020378457059679767
1 0.7704081632653061 0.6106259097525473 0.015306122448979591 0.040756914119359534
4 0.8284438775510204 0.62372634643377 0.03443877551020408 0.050946142649199416
0 0.7480867346938775 0.660844250363901 0.01403061224489796 0.033478893740902474
0 0.6434948979591837 0.6106259097525473 0.03316326530612245 0.017467248908296942
3 0.7110969387755102 0.6128093158660844 0.08418367346938775 0.049490538573508006
3 0.6447704081632653 0.7059679767103348 0.10459183673469388 0.1324599708879185
1 0.5191326530612245 0.6098981077147017 0.03188775510204082 0.01601164483260553
1 0.3947704081632653 0.6834061135371179 0.04336734693877551 0.020378457059679767
1 0.3399234693877551 0.6841339155749636 0.04591836734693878 0.018922852983988356
3 0.38137755102040816 0.9199417758369723 0.08545918367346939 0.13828238719068414
1 0.5465561224489796 0.9359534206695779 0.015306122448979591 0.034934497816593885
1 0.6326530612244898 0.9374090247452693 0.01913265306122449 0.048034934497816595
1 0.6575255102040817 0.9039301310043668 0.01913265306122449 0.046579330422125184
2 0.6868622448979592 0.8558951965065502 0.030612244897959183 0.06841339155749636
2 0.857780612244898 0.8828238719068413 0.10331632653061225 0.06986899563318777
2 0.10395408163265306 0.9002911208151383 0.09566326530612244 0.07423580786026202
1 0.1485969387755102 0.6266375545851528 0.016581632653061226 0.03784570596797671
1 0.1371173469387755 0.6710334788937409 0.03443877551020408 0.018922852983988356
1 0.10714285714285714 0.6397379912663755 0.016581632653061226 0.040756914119359534
1 0.03316326530612245 0.6724890829694323 0.04591836734693878 0.023289665211062592
1 0.014668367346938776 0.6280931586608443 0.017857142857142856 0.039301310043668124
4 0.07397959183673469 0.6397379912663755 0.03443877551020408 0.046579330422125184
2 0.09630102040816327 0.47889374090247455 0.09948979591836735 0.06695778748180495
1 0.14094387755102042 0.21470160116448325 0.017857142857142856 0.03784570596797671
1 0.13073979591836735 0.2590975254730713 0.036989795918367346 0.018922852983988356
1 0.10012755102040816 0.22780203784570596 0.01913265306122449 0.039301310043668124
1 0.028698979591836735 0.25836972343522563 0.04974489795918367 0.023289665211062592
1 0.009566326530612245 0.21470160116448325 0.016581632653061226 0.040756914119359534
4 0.06760204081632654 0.22561863173216884 0.03443877551020408 0.04512372634643377
2 0.0899234693877551 0.07205240174672489 0.09566326530612244 0.06841339155749636
3 0.36543367346938777 0.0982532751091703 0.08545918367346939 0.12809315866084425
1 0.5274234693877551 0.11280931586608442 0.01913265306122449 0.03784570596797671
1 0.6141581632653061 0.11353711790393013 0.021683673469387755 0.05822416302765648
1 0.6383928571428571 0.07860262008733625 0.02423469387755102 0.06259097525473072
2 0.6683673469387755 0.03566229985443959 0.03443877551020408 0.06841339155749636
2 0.8405612244897959 0.06040756914119359 0.10586734693877552 0.07278020378457059