1 0.3647959183673469 0.020378457059679767 0.04081632653061224 0.040756914119359534
1 0.40625 0.020378457059679767 0.036989795918367346 0.040756914119359534
1 0.4419642857142857 0.09606986899563319 0.05102040816326531 0.055312954876273655
1 0.48086734693877553 0.07933042212518195 0.03571428571428571 0.042212518195050945
1 0.6690051020408163 0.2692867540029112 0.039540816326530615 0.043668122270742356
1 0.7206632653061225 0.42066957787481807 0.04846938775510204 0.053857350800582245
1 0.7595663265306123 0.46142649199417757 0.05102040816326531 0.056768558951965066
1 0.46237244897959184 0.4847161572052402 0.03571428571428571 0.042212518195050945
1 0.39732142857142855 0.42066957787481807 0.04974489795918367 0.05822416302765648
1 0.39668367346938777 0.3791848617176128 0.044642857142857144 0.053857350800582245
4 0.4317602040816326 0.04512372634643377 0.0548469387755102 0.06259097525473072
0 0.4719387755102041 0.1331877729257642 0.03443877551020408 0.040756914119359534
0 0.5771683673469388 0.17758369723435224 0.039540816326530615 0.043668122270742356
3 0.5235969387755102 0.12445414847161572 0.09056122448979592 0.10043668122270742
3 0.5191326530612245 0.2423580786026201 0.1568877551020408 0.1804949053857351
3 0.5924744897959183 0.5997088791848617 0.14030612244897958 0.16302765647743814
2 0.4017857142857143 0.32241630276564776 0.0625 0.07423580786026202
2 0.2602040816326531 0.2096069868995633 0.11989795918367346 0.1339155749636099
1 0.13520408163265307 0.27583697234352256 0.03316326530612245 0.039301310043668124
1 0.11798469387755102 0.3165938864628821 0.036989795918367346 0.040756914119359534
1 0.15880102040816327 0.3165938864628821 0.03571428571428571 0.042212518195050945
1 0.19387755102040816 0.3951965065502183 0.04846938775510204 0.05240174672489083
1 0.23405612244897958 0.37554585152838427 0.03571428571428571 0.042212518195050945
4 0.1836734693877551 0.3413391557496361 0.0548469387755102 0.06404657933042213
0 0.22130102040816327 0.43013100436681223 0.030612244897959183 0.034934497816593885
0 0.3284438775510204 0.4723435225618632 0.03443877551020408 0.03784570596797671
3 0.2767857142857143 0.4228529839883552 0.09183673469387756 0.10043668122270742
3 0.27168367346938777 0.5422125181950509 0.1556122448979592 0.17758369723435224
1 0.4215561224489796 0.5669577874818049 0.03316326530612245 0.036390101892285295
1 0.47066326530612246 0.7168850072780204 0.044642857142857144 0.048034934497816595
1 0.5108418367346939 0.7590975254730713 0.044642857142857144 0.049490538573508006
3 0.34183673469387754 0.9024745269286754 0.1441326530612245 0.16739446870451238
1 0.20982142857142858 0.7882096069868996 0.03188775510204082 0.03784570596797671
1 0.1447704081632653 0.7234352256186317 0.042091836734693876 0.050946142649199416
1 0.14604591836734693 0.6797671033478894 0.042091836734693876 0.049490538573508006
2 0.1524234693877551 0.6215429403202329 0.0625 0.07423580786026202
2 0.03380102040816327 0.5109170305676856 0.06760204081632654 0.13100436681222707
1 0.6868622448979592 0.8624454148471615 0.03443877551020408 0.040756914119359534
1 0.6690051020408163 0.9046579330422125 0.036989795918367346 0.040756914119359534
1 0.7098214285714286 0.9039301310043668 0.03571428571428571 0.043668122270742356
1 0.7455357142857143 0.9788937409024745 0.047193877551020405 0.042212518195050945
1 0.7857142857142857 0.9657933042212519 0.03571428571428571 0.042212518195050945
4 0.7346938775510204 0.9294032023289666 0.05229591836734694 0.0611353711790393
2 0.8125 0.7925764192139738 0.11352040816326531 0.12518195050946143
1 0.9343112244897959 0.5618631732168851 0.03571428571428571 0.042212518195050945
1 0.9158163265306123 0.6026200873362445 0.03826530612244898 0.042212518195050945
1 0.9566326530612245 0.6033478893740902 0.036989795918367346 0.043668122270742356
1 0.982780612244898 0.6797671033478894 0.03443877551020408 0.055312954876273655
4 0.9776785714285714 0.6266375545851528 0.044642857142857144 0.05967976710334789
3 0.8354591836734694 0.3042212518195051 0.13903061224489796 0.16011644832605532
1 0.7066326530612245 0.19141193595342068 0.036989795918367346 0.042212518195050945
1 0.6415816326530612 0.12590975254730713 0.04974489795918367 0.05967976710334789
1 0.6441326530612245 0.08151382823871907 0.0548469387755102 0.06550218340611354
2 0.6466836734693877 0.03202328966521106 0.0663265306122449 0.06404657933042213