3 0.03048780487804878 0.8520942408376964 0.06097560975609756 0.14397905759162305
3 0.03353658536585366 0.40706806282722513 0.06707317073170732 0.1387434554973822
3 0.5823170731707317 0.6178010471204188 0.11890243902439024 0.049738219895287955
3 0.5823170731707317 0.5641361256544503 0.12195121951219512 0.049738219895287955
3 0.7591463414634146 0.680628272251309 0.1676829268292683 0.13089005235602094
3 0.9725609756097561 0.8612565445026178 0.054878048780487805 0.13612565445026178
3 0.9695121951219512 0.418848167539267 0.06097560975609756 0.14136125654450263
3 0.7637195121951219 0.23821989528795812 0.17378048780487804 0.13350785340314136
3 0.586890243902439 0.17539267015706805 0.125 0.05235602094240838
3 0.586890243902439 0.12172774869109948 0.125 0.0549738219895288
4 0.4253048780487805 0.6047120418848168 0.051829268292682924 0.049738219895287955
4 0.43140243902439024 0.1662303664921466 0.051829268292682924 0.049738219895287955
2 0.5015243902439024 0.8036649214659686 0.14634146341463414 0.08115183246073299
2 0.6570121951219512 0.7578534031413613 0.04573170731707317 0.07329842931937172
2 0.5045731707317073 0.35602094240837695 0.14634146341463414 0.07591623036649214
2 0.6615853658536586 0.31544502617801046 0.04573170731707317 0.07853403141361257
0 0.725609756097561 0.856020942408377 0.08231707317073171 0.031413612565445025
0 0.7301829268292683 0.5798429319371727 0.04878048780487805 0.02617801047120419
0 0.7286585365853658 0.4109947643979058 0.07317073170731707 0.028795811518324606
0 0.7332317073170732 0.13743455497382198 0.054878048780487805 0.02356020942408377
1 0.3384146341463415 0.5379581151832461 0.12195121951219512 0.05235602094240838
1 0.42378048780487804 0.6544502617801047 0.03048780487804878 0.04712041884816754
1 0.49390243902439024 0.6164921465968587 0.027439024390243903 0.041884816753926704
1 0.47865853658536583 0.5523560209424084 0.051829268292682924 0.02356020942408377
1 0.7027439024390244 0.8075916230366492 0.039634146341463415 0.06282722513089005
1 0.7637195121951219 0.7905759162303665 0.07926829268292683 0.028795811518324606
1 0.8490853658536586 0.8835078534031413 0.036585365853658534 0.05235602094240838
1 0.8597560975609756 0.5798429319371727 0.057926829268292686 0.02617801047120419
1 0.4298780487804878 0.21465968586387435 0.03048780487804878 0.04450261780104712
1 0.49847560975609756 0.17670157068062828 0.027439024390243903 0.04712041884816754
1 0.4847560975609756 0.1099476439790576 0.04878048780487805 0.02617801047120419
1 0.8490853658536586 0.43848167539267013 0.03353658536585366 0.0549738219895288
1 0.7042682926829268 0.362565445026178 0.03353658536585366 0.06544502617801047
1 0.760670731707317 0.34554973821989526 0.07621951219512195 0.034031413612565446
1 0.8628048780487805 0.14267015706806283 0.051829268292682924 0.028795811518324606
1 0.3445121951219512 0.09947643979057591 0.12195121951219512 0.05759162303664921