1 0.610105580693816 0.05008635578583765 0.06787330316742081 0.08117443868739206
1 0.6583710407239819 0.03454231433506045 0.05279034690799397 0.05872193436960276
1 0.8559577677224736 0.28756476683937826 0.05128205128205128 0.06217616580310881
1 0.8996983408748115 0.47063903281519864 0.0693815987933635 0.08290155440414508
1 0.9441930618401206 0.5302245250431779 0.06334841628959276 0.07599309153713299
1 0.5912518853695324 0.5094991364421416 0.05128205128205128 0.05699481865284974
1 0.521870286576169 0.42487046632124353 0.06636500754147813 0.07253886010362694
1 0.5294117647058824 0.37219343696027635 0.06636500754147813 0.07253886010362694
1 0.2368024132730015 0.2141623488773748 0.05128205128205128 0.055267702936096716
1 0.21116138763197587 0.2556131260794473 0.05128205128205128 0.06044905008635579
1 0.25867269984917046 0.26252158894645944 0.05279034690799397 0.05699481865284974
1 0.34087481146304677 0.3454231433506045 0.05128205128205128 0.05699481865284974
1 0.5369532428355958 0.6010362694300518 0.05429864253393665 0.06390328151986183
1 0.579185520361991 0.7841105354058722 0.07239819004524888 0.08635578583765112
1 0.6221719457013575 0.846286701208981 0.06636500754147813 0.07944732297063903
1 0.26998491704374056 0.8246977547495682 0.05128205128205128 0.055267702936096716
1 0.2028657616892911 0.7366148531951641 0.06033182503770739 0.06735751295336788
1 0.20889894419306185 0.6839378238341969 0.0693815987933635 0.07426597582037997
4 0.6033182503770739 0.010362694300518135 0.06636500754147813 0.02072538860103627
4 0.28582202111613875 0.29447322970639034 0.07239819004524888 0.08117443868739206
0 0.6402714932126696 0.09585492227979274 0.05128205128205128 0.05699481865284974
0 0.7579185520361991 0.16234887737478412 0.05279034690799397 0.06217616580310881
0 0.3220211161387632 0.4058721934369603 0.05279034690799397 0.05872193436960276
0 0.44042232277526394 0.4740932642487047 0.05128205128205128 0.06044905008635579
3 0.7036199095022625 0.09412780656303972 0.10708898944193061 0.12780656303972365
3 0.6855203619909502 0.2374784110535406 0.18552036199095023 0.20898100172711573
3 0.7330316742081447 0.6675302245250432 0.17194570135746606 0.19343696027633853
3 0.38461538461538464 0.40414507772020725 0.1085972850678733 0.12953367875647667
3 0.36726998491704377 0.5500863557858376 0.1885369532428356 0.2141623488773748
3 0.4095022624434389 0.9421416234887737 0.1794871794871795 0.1157167530224525
2 0.06787330316742081 0.4637305699481865 0.13574660633484162 0.16407599309153714
2 0.22021116138763197 0.6200345423143351 0.08748114630467571 0.09499136442141623
1 0.2918552036199095 0.36183074265975823 0.06485671191553545 0.07944732297063903
2 0.39064856711915535 0.15112262521588946 0.14177978883861236 0.16753022452504318
2 0.5399698340874811 0.3065630397236615 0.08748114630467571 0.09499136442141623