1 0.11689291101055807 0.08894645941278066 0.042232277526395176 0.027633851468048358
1 0.16063348416289594 0.10276338514680483 0.024132730015082957 0.055267702936096716
1 0.12895927601809956 0.14335060449050085 0.04675716440422323 0.027633851468048358
1 0.15912518853695323 0.24352331606217617 0.030165912518853696 0.07772020725388601
1 0.1138763197586727 0.26770293609671847 0.04675716440422323 0.031088082901554404
1 0.11010558069381599 0.6070811744386874 0.024132730015082957 0.05872193436960276
1 0.1817496229260935 0.7780656303972366 0.03167420814479638 0.07944732297063903
1 0.18250377073906485 0.8566493955094991 0.02865761689291101 0.07253886010362694
1 0.43665158371040724 0.575993091537133 0.04524886877828054 0.02936096718480138
1 0.44042232277526394 0.459412780656304 0.06334841628959276 0.03281519861830743
1 0.40497737556561086 0.42573402417962003 0.06334841628959276 0.03281519861830743
1 0.5346907993966817 0.08635578583765112 0.04675716440422323 0.027633851468048358
1 0.5776772247360482 0.09844559585492228 0.027149321266968326 0.0535405872193437
1 0.5460030165912518 0.13989637305699482 0.04675716440422323 0.02936096718480138
1 0.5316742081447964 0.26338514680483593 0.04524886877828054 0.031088082901554404
1 0.5301659125188537 0.6036269430051814 0.027149321266968326 0.05872193436960276
1 0.6033182503770739 0.7737478411053541 0.03469079939668175 0.07944732297063903
1 0.6063348416289592 0.853195164075993 0.03167420814479638 0.07426597582037997
1 0.8597285067873304 0.572538860103627 0.04675716440422323 0.027633851468048358
1 0.8597285067873304 0.45509499136442144 0.05580693815987934 0.03281519861830743
1 0.8250377073906485 0.42055267702936094 0.06485671191553545 0.03454231433506045
4 0.12594268476621417 0.18825561312607944 0.048265460030165915 0.05181347150259067
4 0.5437405731523378 0.18393782383419688 0.05429864253393665 0.0535405872193437
0 0.16289592760180996 0.3005181347150259 0.04524886877828054 0.031088082901554404
0 0.11161387631975868 0.4386873920552677 0.027149321266968326 0.055267702936096716
0 0.5806938159879337 0.29533678756476683 0.04675716440422323 0.031088082901554404
0 0.5301659125188537 0.43523316062176165 0.027149321266968326 0.0535405872193437
3 0.1138763197586727 0.34628670120898103 0.05128205128205128 0.11917098445595854
3 0.2096530920060332 0.44127806563039723 0.138763197586727 0.13989637305699482
3 0.4200603318250377 0.8013816925734024 0.14027149321266968 0.1157167530224525
3 0.5324283559577677 0.34110535405872194 0.05279034690799397 0.11917098445595854
3 0.6289592760180995 0.4378238341968912 0.14177978883861236 0.14335060449050085
3 0.8453996983408748 0.7987910189982729 0.14630467571644043 0.12089810017271158
2 0.806184012066365 0.14766839378238342 0.07541478129713423 0.14162348877374784
2 0.779788838612368 0.38082901554404147 0.07692307692307693 0.05008635578583765
1 0.5776772247360482 0.2392055267702936 0.030165912518853696 0.07426597582037997
2 0.38310708898944196 0.15457685664939552 0.07541478129713423 0.14680483592400692
2 0.358974358974359 0.3842832469775475 0.07692307692307693 0.05008635578583765