1 0.14102564102564102 0.0613126079447323 0.024132730015082957 0.04835924006908463
1 0.15309200603318251 0.11139896373056994 0.048265460030165915 0.027633851468048358
1 0.1885369532428356 0.07512953367875648 0.024132730015082957 0.0535405872193437
1 0.27601809954751133 0.10967184801381692 0.06787330316742081 0.03454231433506045
1 0.2971342383107089 0.05785837651122625 0.027149321266968326 0.0535405872193437
1 0.5935143288084465 0.0535405872193437 0.05128205128205128 0.027633851468048358
1 0.7428355957767723 0.13557858376511225 0.0693815987933635 0.03626943005181347
1 0.8114630467571644 0.13644214162348878 0.06334841628959276 0.03281519861830743
1 0.5663650075414781 0.4274611398963731 0.02564102564102564 0.05181347150259067
1 0.4645550527903469 0.4317789291882556 0.02865761689291101 0.07253886010362694
1 0.43514328808446456 0.3911917098445596 0.02865761689291101 0.07253886010362694
1 0.138763197586727 0.5397236614853195 0.024132730015082957 0.0535405872193437
1 0.1493212669683258 0.5889464594127807 0.04675716440422323 0.031088082901554404
1 0.18552036199095023 0.5526770293609672 0.02564102564102564 0.0535405872193437
1 0.2933634992458522 0.5362694300518135 0.027149321266968326 0.05181347150259067
1 0.5904977375565611 0.5345423143350605 0.05128205128205128 0.031088082901554404
1 0.7390648567119156 0.6183074265975821 0.0693815987933635 0.039723661485319514
1 0.808446455505279 0.6217616580310881 0.06485671191553545 0.03626943005181347
1 0.5633484162895928 0.9119170984455959 0.024132730015082957 0.0535405872193437
1 0.46078431372549017 0.9119170984455959 0.02865761689291101 0.06390328151986183
1 0.4306184012066365 0.8721934369602763 0.030165912518853696 0.07426597582037997
4 0.2277526395173454 0.07167530224525043 0.04524886877828054 0.055267702936096716
4 0.2239819004524887 0.5500863557858376 0.04675716440422323 0.06217616580310881
0 0.3257918552036199 0.11398963730569948 0.027149321266968326 0.05181347150259067
0 0.4464555052790347 0.055267702936096716 0.048265460030165915 0.031088082901554404
0 0.3212669683257919 0.5924006908462867 0.027149321266968326 0.0535405872193437
0 0.4434389140271493 0.5345423143350605 0.04675716440422323 0.031088082901554404
3 0.36576168929110103 0.05785837651122625 0.10407239819004525 0.05872193436960276
3 0.44871794871794873 0.16753022452504318 0.12217194570135746 0.15889464594127806
3 0.7631975867269984 0.40846286701208984 0.10105580693815988 0.16062176165803108
3 0.361236802413273 0.5371329879101899 0.10407239819004525 0.06044905008635579
3 0.4457013574660634 0.6476683937823834 0.12518853695324283 0.16234887737478412
3 0.7609351432880844 0.8955094991364422 0.10558069381598793 0.16753022452504318
2 0.19230769230769232 0.8506044905008635 0.12368024132730016 0.08635578583765112
2 0.39592760180995473 0.8203799654576857 0.043740573152337855 0.08808290155440414
1 0.2722473604826546 0.5889464594127807 0.06485671191553545 0.03454231433506045
2 0.19834087481146304 0.36614853195164077 0.1282051282051282 0.08635578583765112
2 0.39894419306184015 0.3385146804835924 0.043740573152337855 0.08808290155440414