1 0.9788838612368024 0.7366148531951641 0.042232277526395176 0.04317789291882556
1 0.9374057315233786 0.7400690846286702 0.0392156862745098 0.06217616580310881
1 0.9555052790346908 0.6899827288428325 0.05279034690799397 0.044905008635578586
1 0.8966817496229261 0.6070811744386874 0.05128205128205128 0.0846286701208981
1 0.9321266968325792 0.5673575129533679 0.05279034690799397 0.04835924006908463
1 0.8340874811463047 0.2469775474956822 0.04072398190045249 0.06390328151986183
1 0.7156862745098039 0.11398963730569948 0.05279034690799397 0.08635578583765112
1 0.691553544494721 0.04058721934369603 0.048265460030165915 0.07944732297063903
1 0.5369532428355958 0.40414507772020725 0.05128205128205128 0.044905008635578586
1 0.5678733031674208 0.5146804835924007 0.0693815987933635 0.055267702936096716
1 0.6116138763197587 0.5328151986183074 0.0693815987933635 0.055267702936096716
1 0.5912518853695324 0.9024179620034543 0.05279034690799397 0.044905008635578586
1 0.5467571644042232 0.9075993091537133 0.042232277526395176 0.06044905008635579
1 0.5641025641025641 0.8566493955094991 0.05279034690799397 0.046632124352331605
1 0.5407239819004525 0.7348877374784111 0.05128205128205128 0.046632124352331605
1 0.44042232277526394 0.41450777202072536 0.043740573152337855 0.06563039723661486
1 0.3212669683257919 0.28324697754749567 0.05580693815987934 0.08808290155440414
1 0.2948717948717949 0.20984455958549222 0.05128205128205128 0.08290155440414508
1 0.14027149321266968 0.572538860103627 0.05279034690799397 0.044905008635578586
1 0.17571644042232276 0.6830742659758203 0.06184012066365008 0.0535405872193437
1 0.21794871794871795 0.7020725388601037 0.07088989441930618 0.05872193436960276
4 0.944947209653092 0.646804835924007 0.06033182503770739 0.06735751295336788
4 0.5535444947209653 0.8143350604490501 0.06636500754147813 0.07081174438687392
0 0.8763197586726998 0.5552677029360967 0.05128205128205128 0.046632124352331605
0 0.8831070889894419 0.4058721934369603 0.042232277526395176 0.06217616580310881
0 0.4856711915535445 0.7236614853195165 0.05279034690799397 0.04835924006908463
0 0.49095022624434387 0.572538860103627 0.042232277526395176 0.06044905008635579
3 0.9087481146304676 0.4930915371329879 0.08446455505279035 0.13126079447322972
3 0.7903469079939668 0.44127806563039723 0.17194570135746606 0.18652849740932642
3 0.48491704374057315 0.18566493955094993 0.16591251885369532 0.16407599309153714
3 0.5173453996983409 0.6623488773747841 0.08446455505279035 0.13298791018998274
3 0.3974358974358974 0.6088082901554405 0.17647058823529413 0.18998272884283246
3 0.08597285067873303 0.3549222797927461 0.17194570135746606 0.17098445595854922
2 0.3174962292609351 0.9343696027633851 0.11312217194570136 0.13126079447322972
2 0.2730015082956259 0.7219343696027634 0.08748114630467571 0.07772020725388601
1 0.5052790346907994 0.7754749568221071 0.05128205128205128 0.08117443868739206
2 0.7126696832579186 0.7789291882556131 0.11463046757164404 0.16753022452504318
2 0.667420814479638 0.5535405872193437 0.08748114630467571 0.07772020725388601