1 0.310156 0.097246 0.050000 0.027539
1 0.356250 0.111876 0.028125 0.055077
1 0.322656 0.153184 0.053125 0.029260
1 0.354687 0.254733 0.034375 0.072289
1 0.307031 0.276248 0.051562 0.027539
1 0.302344 0.618761 0.029687 0.055077
1 0.379688 0.787435 0.035938 0.075731
1 0.380469 0.864888 0.035938 0.074010
1 0.650000 0.581756 0.051562 0.029260
1 0.653125 0.466437 0.070312 0.032702
1 0.614844 0.434596 0.071875 0.034423
1 0.751563 0.087780 0.050000 0.025818
1 0.799219 0.104131 0.026562 0.051635
1 0.764844 0.143718 0.050000 0.029260
1 0.797656 0.240964 0.031250 0.068847
1 0.750781 0.268503 0.048438 0.032702
1 0.748437 0.608434 0.028125 0.056799
1 0.827344 0.778830 0.034375 0.070568
1 0.828906 0.854561 0.034375 0.070568
1 0.172656 0.443201 0.059375 0.032702
1 0.211719 0.476764 0.068750 0.034423
1 0.207031 0.592083 0.042188 0.027539
2 0.151562 0.168675 0.078125 0.146299
2 0.125781 0.400172 0.081250 0.051635
2 0.567188 0.392427 0.082812 0.048193
2 0.594531 0.158348 0.084375 0.141136
4 0.318750 0.199656 0.056250 0.051635
4 0.763281 0.189329 0.059375 0.055077
0 0.356250 0.310671 0.048438 0.029260
0 0.303906 0.450947 0.028125 0.056799
0 0.803125 0.302065 0.051562 0.030981
0 0.750000 0.441480 0.026562 0.053356
3 0.307812 0.356282 0.056250 0.118761
3 0.407813 0.448365 0.146875 0.151463
3 0.189062 0.814114 0.150000 0.127367
3 0.632031 0.802065 0.154688 0.118761
3 0.854688 0.438038 0.150000 0.149742
3 0.751563 0.343373 0.059375 0.117040