1 0.933594 0.498279 0.046875 0.061962
1 0.900000 0.535284 0.057813 0.053356
1 0.883594 0.482788 0.048438 0.065404
1 0.787500 0.464716 0.073438 0.068847
1 0.792969 0.407917 0.046875 0.063683
1 0.523438 0.237522 0.057813 0.055077
1 0.352344 0.230637 0.078125 0.070568
1 0.290625 0.193632 0.076563 0.070568
1 0.384375 0.590361 0.048438 0.063683
1 0.474219 0.649742 0.059375 0.084337
1 0.517969 0.628227 0.062500 0.086059
1 0.727344 0.927711 0.045312 0.060241
1 0.691406 0.965577 0.053125 0.049914
1 0.676563 0.913941 0.046875 0.061962
1 0.583594 0.898451 0.070312 0.063683
1 0.584375 0.839931 0.050000 0.061962
1 0.315625 0.672117 0.059375 0.055077
1 0.142188 0.666093 0.073438 0.067126
1 0.081250 0.630809 0.073438 0.067126
1 0.725781 0.197935 0.054688 0.072289
1 0.680469 0.219449 0.060937 0.082616
1 0.590625 0.159208 0.042188 0.053356
2 0.953125 0.310671 0.153125 0.146299
2 0.782813 0.173838 0.079687 0.103270
2 0.575000 0.602410 0.078125 0.103270
2 0.747656 0.742685 0.153125 0.149742
4 0.848437 0.456971 0.068750 0.079174
4 0.641406 0.889845 0.071875 0.084337
0 0.742188 0.438898 0.046875 0.060241
0 0.656250 0.320138 0.059375 0.055077
0 0.532031 0.873494 0.050000 0.065404
0 0.447656 0.754733 0.054688 0.051635
3 0.729688 0.370052 0.121875 0.111876
3 0.607812 0.421687 0.192187 0.215146
3 0.422656 0.067986 0.173437 0.135972
3 0.217969 0.466437 0.168750 0.206540
3 0.399219 0.857143 0.192187 0.216867
3 0.524219 0.803787 0.121875 0.113597