1 0.310156 0.902754 0.050000 0.027539
1 0.356250 0.888124 0.028125 0.055077
1 0.322656 0.846816 0.053125 0.029260
1 0.354687 0.745267 0.034375 0.072289
1 0.307031 0.723752 0.051562 0.027539
1 0.302344 0.381239 0.029687 0.055077
1 0.379688 0.212565 0.035938 0.075731
1 0.380469 0.135112 0.035938 0.074010
1 0.650000 0.418244 0.051562 0.029260
1 0.653125 0.533563 0.070312 0.032702
1 0.614844 0.565404 0.071875 0.034423
1 0.751563 0.912220 0.050000 0.025818
1 0.799219 0.895869 0.026562 0.051635
1 0.764844 0.856282 0.050000 0.029260
1 0.797656 0.759036 0.031250 0.068847
1 0.750781 0.731497 0.048438 0.032702
1 0.748437 0.391566 0.028125 0.056799
1 0.827344 0.221170 0.034375 0.070568
1 0.828906 0.145439 0.034375 0.070568
1 0.172656 0.556799 0.059375 0.032702
1 0.211719 0.523236 0.068750 0.034423
1 0.207031 0.407917 0.042188 0.027539
2 0.151562 0.831325 0.078125 0.146299
2 0.125781 0.599828 0.081250 0.051635
2 0.567188 0.607573 0.082812 0.048193
2 0.594531 0.841652 0.084375 0.141136
4 0.318750 0.800344 0.056250 0.051635
4 0.763281 0.810671 0.059375 0.055077
0 0.356250 0.689329 0.048438 0.029260
0 0.303906 0.549053 0.028125 0.056799
0 0.803125 0.697935 0.051562 0.030981
0 0.750000 0.558520 0.026562 0.053356
3 0.307812 0.643718 0.056250 0.118761
3 0.407813 0.551635 0.146875 0.151463
3 0.189062 0.185886 0.150000 0.127367
3 0.632031 0.197935 0.154688 0.118761
3 0.854688 0.561962 0.150000 0.149742
3 0.751563 0.656627 0.059375 0.117040