1 0.397656 0.943201 0.054688 0.039587
1 0.439844 0.917384 0.039062 0.060241
1 0.398438 0.885542 0.057813 0.041308
1 0.408594 0.778830 0.048438 0.079174
1 0.357812 0.769363 0.056250 0.039587
1 0.283594 0.437177 0.040625 0.060241
1 0.324219 0.253012 0.050000 0.082616
1 0.309375 0.178141 0.050000 0.080895
1 0.629687 0.387263 0.056250 0.041308
1 0.656250 0.498279 0.075000 0.049914
1 0.625781 0.538726 0.076563 0.051635
1 0.829688 0.843373 0.054688 0.037866
1 0.872656 0.814974 0.035938 0.056799
1 0.831250 0.784854 0.054688 0.041308
1 0.842969 0.682444 0.043750 0.074010
1 0.792188 0.666954 0.053125 0.043029
1 0.720313 0.336489 0.039062 0.061962
1 0.762500 0.150602 0.048438 0.077453
1 0.748437 0.076592 0.048438 0.077453
1 0.192969 0.640275 0.064062 0.046472
1 0.224219 0.598107 0.073438 0.049914
1 0.196094 0.486231 0.046875 0.037866
2 0.228906 0.913081 0.106250 0.161790
2 0.156250 0.693632 0.089063 0.070568
2 0.587500 0.592083 0.090625 0.067126
2 0.662500 0.813253 0.110937 0.158348
4 0.385156 0.841652 0.065625 0.063683
4 0.820312 0.740964 0.068750 0.068847
0 0.399219 0.723752 0.053125 0.041308
0 0.319531 0.599828 0.039062 0.061962
0 0.835938 0.621343 0.056250 0.043029
0 0.756250 0.499139 0.037500 0.058520
3 0.342187 0.691050 0.079687 0.129088
3 0.421094 0.576592 0.173437 0.184165
3 0.133594 0.274527 0.171875 0.161790
3 0.567188 0.176420 0.175000 0.154905
3 0.858594 0.475904 0.176563 0.182444
3 0.777344 0.593804 0.081250 0.129088