1 0.509501 0.863971 0.076010 0.062500
1 0.579572 0.834559 0.042755 0.113971
1 0.530879 0.746324 0.076010 0.069853
1 0.579572 0.534926 0.047506 0.158088
1 0.509501 0.485294 0.078385 0.069853
1 0.304038 0.139706 0.097387 0.062500
1 0.361045 0.060662 0.092637 0.077206
2 0.275534 0.718750 0.125891 0.301471
2 0.235154 0.226103 0.114014 0.102941
3 0.508314 0.318015 0.087886 0.250000
3 0.661520 0.132353 0.225653 0.264706
0 0.586698 0.413603 0.076010 0.066176
0 0.508314 0.117647 0.042755 0.117647
4 0.528504 0.650735 0.080760 0.106618