1 0.707838 0.669118 0.073634 0.132353
1 0.726841 0.560662 0.085511 0.113971
1 0.653207 0.580882 0.076010 0.136029
1 0.559382 0.409926 0.111639 0.143382
1 0.496437 0.479779 0.078385 0.139706
1 0.096200 0.126838 0.071259 0.095588
1 0.200713 0.582721 0.083135 0.161765
1 0.185273 0.466912 0.090261 0.161765
1 0.046318 0.349265 0.068884 0.125000
2 0.510689 0.875000 0.232779 0.250000
2 0.213777 0.718750 0.114014 0.205882
3 0.402613 0.397059 0.182898 0.242647
3 0.362233 0.158088 0.287411 0.316176
0 0.495249 0.340074 0.076010 0.136029
0 0.289786 0.297794 0.087886 0.117647
4 0.598575 0.536765 0.099762 0.161765