1 0.264846 0.485294 0.040380 0.117647
1 0.283848 0.376838 0.073634 0.066176
1 0.340855 0.452206 0.045131 0.117647
1 0.477435 0.376838 0.102138 0.073529
1 0.509501 0.485294 0.045131 0.121324
1 0.970309 0.488971 0.059382 0.058824
1 0.732779 0.803309 0.040380 0.150735
1 0.783848 0.715074 0.049881 0.143382
1 0.941805 0.720588 0.040380 0.106618
2 0.358670 0.847426 0.194774 0.194853
2 0.676960 0.909926 0.066508 0.176471
3 0.617577 0.487132 0.161520 0.136029
3 0.751781 0.248162 0.201900 0.349265
0 0.555819 0.365809 0.042755 0.117647
0 0.747031 0.487132 0.076010 0.066176
4 0.402613 0.455882 0.068884 0.125000