1 0.489311 0.863971 0.078385 0.073529
1 0.560570 0.843750 0.049881 0.117647
1 0.516627 0.750000 0.080760 0.080882
1 0.577197 0.545956 0.057007 0.165441
1 0.510689 0.487132 0.083135 0.080882
1 0.325416 0.113971 0.099762 0.077206
1 0.385986 0.044118 0.097387 0.088235
2 0.263658 0.687500 0.142518 0.316176
2 0.251781 0.191176 0.118765 0.117647
3 0.519002 0.319853 0.102138 0.261029
3 0.681710 0.156250 0.239905 0.294118
0 0.591449 0.426471 0.078385 0.077206
0 0.529691 0.119485 0.049881 0.121324
4 0.520190 0.654412 0.085511 0.117647