1 0.719531 0.016753 0.026562 0.033505
1 0.750781 0.057990 0.048438 0.043814
1 0.711719 0.202320 0.034375 0.118557
1 0.757031 0.243557 0.050000 0.041237
1 0.735938 0.751289 0.029687 0.085052
1 0.650781 0.967784 0.035937 0.064433
1 0.403125 0.655928 0.045312 0.048969
1 0.443750 0.440722 0.060937 0.043814
1 0.404687 0.485825 0.067187 0.046392
1 0.317969 0.003866 0.048438 0.007732
1 0.277344 0.136598 0.032813 0.100515
1 0.323437 0.177835 0.050000 0.041237
1 0.303125 0.682990 0.029687 0.077320
0 0.704688 0.287371 0.048438 0.041237
0 0.748438 0.502577 0.029687 0.077320
0 0.268750 0.217784 0.043750 0.041237
0 0.312500 0.434278 0.029687 0.087629
4 0.316406 0.061856 0.057813 0.085052
4 0.750781 0.127577 0.056250 0.085052
3 0.752344 0.363402 0.062500 0.177835
3 0.646875 0.489691 0.150000 0.219072
3 0.403906 0.949742 0.151562 0.100515
3 0.317969 0.292526 0.060937 0.175258
2 0.484375 0.069588 0.084375 0.139175
2 0.496875 0.380155 0.082812 0.072165