1 0.138281 0.438144 0.050000 0.085052
1 0.176563 0.393041 0.054688 0.087629
1 0.184375 0.472938 0.051562 0.087629
1 0.276562 0.521907 0.076562 0.121134
1 0.264844 0.605670 0.051562 0.087629
1 0.507812 0.918814 0.057813 0.092784
1 0.672656 0.958763 0.073438 0.082474
1 0.687500 0.447165 0.053125 0.087629
1 0.563281 0.353093 0.060937 0.103093
1 0.609375 0.335052 0.065625 0.113402
1 0.524219 0.036082 0.051562 0.072165
1 0.766406 0.342784 0.054688 0.087629
0 0.319531 0.570876 0.051562 0.087629
0 0.386719 0.768041 0.054688 0.087629
0 0.578906 0.015464 0.048438 0.030928
0 0.647656 0.188144 0.059375 0.095361
4 0.216406 0.519330 0.076562 0.126289
3 0.321875 0.679124 0.121875 0.195876
3 0.449219 0.635309 0.198437 0.329897
3 0.839063 0.676546 0.187500 0.314433
3 0.580469 0.099227 0.120313 0.190722
2 0.351562 0.130155 0.153125 0.247423
2 0.500000 0.377577 0.087500 0.149485