1 0.439844 0.106959 0.060937 0.131443
1 0.388281 0.114691 0.056250 0.072165
1 0.282031 0.592784 0.048438 0.097938
1 0.305469 0.846649 0.048438 0.082474
1 0.610156 0.728093 0.053125 0.074742
1 0.625781 0.505155 0.067187 0.079897
1 0.650000 0.572165 0.073438 0.087629
1 0.848437 0.189433 0.046875 0.038660
1 0.853125 0.338918 0.054688 0.113402
1 0.800781 0.345361 0.056250 0.072165
1 0.694531 0.819588 0.046875 0.090206
0 0.425000 0.189433 0.054688 0.069588
0 0.332031 0.356959 0.046875 0.090206
0 0.840625 0.418814 0.050000 0.067010
0 0.747656 0.586340 0.048438 0.100515
4 0.835938 0.243557 0.073438 0.115979
4 0.421875 0.034794 0.071875 0.069588
3 0.363281 0.226804 0.101562 0.203608
3 0.428125 0.412371 0.190625 0.301546
3 0.534375 0.948454 0.162500 0.103093
3 0.777344 0.453608 0.098437 0.201031
2 0.678906 0.136598 0.110937 0.182990
2 0.592187 0.413660 0.093750 0.121134