1 0.214062 0.887887 0.025000 0.077320
1 0.224219 0.811856 0.050000 0.043814
1 0.262500 0.862113 0.026562 0.079897
1 0.350781 0.797680 0.071875 0.056701
1 0.375781 0.872423 0.025000 0.082474
1 0.683594 0.837629 0.051562 0.048969
1 0.829688 0.698454 0.067187 0.059278
1 0.900781 0.686856 0.068750 0.059278
1 0.625781 0.288660 0.029687 0.074742
1 0.495312 0.355670 0.026562 0.100515
1 0.522656 0.291237 0.028125 0.110825
1 0.171875 0.171392 0.025000 0.074742
1 0.182812 0.095361 0.046875 0.046392
1 0.221875 0.148196 0.023438 0.079897
1 0.310937 0.081186 0.060937 0.054124
1 0.335938 0.157216 0.025000 0.082474
1 0.642188 0.123711 0.046875 0.048969
0 0.402344 0.786082 0.025000 0.079897
0 0.532813 0.858247 0.046875 0.048969
0 0.360156 0.067010 0.025000 0.072165
0 0.491406 0.139175 0.053125 0.048969
4 0.265625 0.145619 0.051562 0.095361
4 0.305469 0.862113 0.051562 0.092784
3 0.448437 0.864691 0.107813 0.103093
3 0.525000 0.690722 0.132812 0.247423
3 0.831250 0.291237 0.115625 0.250000
3 0.405469 0.148196 0.106250 0.100515
2 0.247656 0.423969 0.129688 0.139175
2 0.458594 0.443299 0.043750 0.136598