1 0.341406 0.981959 0.026562 0.036082
1 0.311719 0.943299 0.048438 0.043814
1 0.350781 0.797680 0.034375 0.118557
1 0.305469 0.756443 0.050000 0.041237
1 0.326562 0.248711 0.029687 0.085052
1 0.410156 0.030928 0.035937 0.061856
1 0.659375 0.344072 0.045312 0.048969
1 0.618750 0.559278 0.060937 0.043814
1 0.657813 0.514175 0.067187 0.046392
1 0.744531 0.994845 0.048438 0.010309
1 0.785156 0.863402 0.032813 0.100515
1 0.739062 0.822165 0.050000 0.041237
1 0.759375 0.317010 0.029687 0.077320
0 0.357813 0.712629 0.048438 0.041237
0 0.314063 0.497423 0.029687 0.077320
0 0.793750 0.782216 0.043750 0.041237
0 0.750000 0.565722 0.029687 0.087629
4 0.746094 0.938144 0.057813 0.085052
4 0.311719 0.872423 0.056250 0.085052
3 0.310156 0.636598 0.062500 0.177835
3 0.415625 0.510309 0.150000 0.219072
3 0.657031 0.050258 0.151562 0.100515
3 0.744531 0.707474 0.060937 0.175258
2 0.576562 0.930412 0.084375 0.139175
2 0.565625 0.619845 0.082812 0.072165