1 0.775956 0.162469 0.109290 0.052897
1 0.647541 0.176322 0.040984 0.022670
1 0.696721 0.278338 0.021858 0.042821
1 0.633880 0.241814 0.021858 0.042821
1 0.304645 0.205290 0.040984 0.025189
1 0.396175 0.408060 0.068306 0.027708
1 0.448087 0.423174 0.032787 0.062972
1 0.322404 0.494962 0.027322 0.045340
1 0.784153 0.598237 0.109290 0.055416
1 0.651639 0.609572 0.043716 0.025189
1 0.703552 0.710327 0.024590 0.042821
1 0.640710 0.675063 0.027322 0.042821
1 0.311475 0.633501 0.046448 0.027708
1 0.403005 0.837531 0.068306 0.030227
1 0.454918 0.855164 0.030055 0.062972
1 0.327869 0.928212 0.021858 0.045340
4 0.696721 0.231738 0.043716 0.052897
4 0.703552 0.663728 0.040984 0.050378
0 0.419399 0.204030 0.046448 0.027708
0 0.423497 0.633501 0.040984 0.025189
0 0.431694 0.472292 0.068306 0.027708
0 0.435792 0.905542 0.065574 0.030227
2 0.635246 0.865239 0.133880 0.073048
2 0.497268 0.808564 0.038251 0.075567
2 0.627049 0.423174 0.133880 0.083123
2 0.489071 0.375315 0.038251 0.075567
3 0.553279 0.191436 0.106557 0.050378
3 0.551913 0.241814 0.106557 0.047859
3 0.394809 0.306045 0.147541 0.120907
3 0.185792 0.477330 0.103825 0.136020
3 0.558743 0.624685 0.109290 0.052897
3 0.557377 0.677582 0.106557 0.052897
3 0.403005 0.740554 0.144809 0.125945
3 0.187158 0.906801 0.106557 0.141058