1 0.066502 0.880697 0.029557 0.061662
1 0.066502 0.718499 0.034483 0.080429
1 0.105911 0.126005 0.032020 0.069705
1 0.109606 0.045576 0.036946 0.075067
1 0.400246 0.351206 0.056650 0.029491
1 0.400246 0.478552 0.076355 0.034853
1 0.360837 0.514745 0.078818 0.037534
1 0.511084 0.903485 0.054187 0.029491
1 0.565271 0.888740 0.034483 0.061662
1 0.529557 0.840483 0.056650 0.029491
1 0.564039 0.726542 0.036946 0.083110
1 0.511084 0.699732 0.059113 0.032172
1 0.592365 0.140751 0.039409 0.083110
1 0.593596 0.053619 0.036946 0.080429
1 0.849754 0.526810 0.081281 0.037534
1 0.890394 0.487936 0.076355 0.034853
1 0.884236 0.360590 0.054187 0.032172
1 0.507389 0.324397 0.032020 0.056300
0 0.073892 0.650134 0.056650 0.034853
0 0.567734 0.662198 0.054187 0.026810
0 0.507389 0.508043 0.032020 0.056300
4 0.525862 0.789544 0.068966 0.058981
3 0.133005 0.491957 0.172414 0.158177
3 0.384236 0.104558 0.165025 0.126005
3 0.509852 0.611260 0.068966 0.131367
3 0.620690 0.501340 0.165025 0.160858
3 0.864532 0.113941 0.167488 0.134048
2 0.831281 0.836461 0.093596 0.166220
2 0.795567 0.571046 0.091133 0.056300
2 0.337438 0.823056 0.091133 0.163539
2 0.307882 0.557641 0.091133 0.058981