1 0.066502 0.119303 0.029557 0.061662
1 0.066502 0.281501 0.034483 0.080429
1 0.105911 0.873995 0.032020 0.069705
1 0.109606 0.954424 0.036946 0.075067
1 0.400246 0.648794 0.056650 0.029491
1 0.400246 0.521448 0.076355 0.034853
1 0.360837 0.485255 0.078818 0.037534
1 0.511084 0.096515 0.054187 0.029491
1 0.565271 0.111260 0.034483 0.061662
1 0.529557 0.159517 0.056650 0.029491
1 0.564039 0.273458 0.036946 0.083110
1 0.511084 0.300268 0.059113 0.032172
1 0.592365 0.859249 0.039409 0.083110
1 0.593596 0.946381 0.036946 0.080429
1 0.849754 0.473190 0.081281 0.037534
1 0.890394 0.512064 0.076355 0.034853
1 0.884236 0.639410 0.054187 0.032172
1 0.507389 0.675603 0.032020 0.056300
0 0.073892 0.349866 0.056650 0.034853
0 0.567734 0.337802 0.054187 0.026810
0 0.507389 0.491957 0.032020 0.056300
4 0.525862 0.210456 0.068966 0.058981
3 0.133005 0.508043 0.172414 0.158177
3 0.384236 0.895442 0.165025 0.126005
3 0.509852 0.388740 0.068966 0.131367
3 0.620690 0.498660 0.165025 0.160858
3 0.864532 0.886059 0.167488 0.134048
2 0.831281 0.163539 0.093596 0.166220
2 0.795567 0.428954 0.091133 0.056300
2 0.337438 0.176944 0.091133 0.163539
2 0.307882 0.442359 0.091133 0.058981