1 0.223907 0.162393 0.109399 0.053123
1 0.352295 0.176171 0.042295 0.022872
1 0.302705 0.278715 0.021885 0.042368
1 0.365792 0.241411 0.022623 0.043048
1 0.695464 0.205088 0.041585 0.025542
1 0.603552 0.407481 0.067842 0.028237
1 0.551421 0.423300 0.032104 0.062544
1 0.677951 0.495239 0.026995 0.046398
1 0.216257 0.598463 0.108689 0.056474
1 0.348279 0.609899 0.043033 0.025542
1 0.296503 0.710756 0.024071 0.041688
1 0.358852 0.675113 0.026257 0.043048
1 0.688525 0.633426 0.045219 0.028237
1 0.596639 0.837506 0.068552 0.030252
1 0.544836 0.854987 0.029180 0.062544
1 0.672131 0.927607 0.022623 0.046398
4 0.302705 0.231310 0.043770 0.053804
4 0.296858 0.664030 0.042295 0.050428
0 0.580956 0.204081 0.045956 0.027582
0 0.575847 0.633426 0.041585 0.024207
0 0.568907 0.471713 0.068552 0.027582
0 0.563825 0.905416 0.065656 0.030252
2 0.365410 0.864736 0.132760 0.072620
2 0.503279 0.808942 0.037923 0.075315
2 0.373087 0.422947 0.133470 0.082040
2 0.511284 0.375894 0.037923 0.075315
3 0.446393 0.190957 0.106503 0.051108
3 0.447486 0.241411 0.107213 0.048413
3 0.605027 0.306625 0.146612 0.121033
3 0.814727 0.476751 0.105027 0.137179
3 0.441639 0.625013 0.108689 0.051788
3 0.441995 0.677481 0.106503 0.051788
3 0.597377 0.740000 0.145874 0.125743
3 0.812158 0.907431 0.107213 0.140529