1 0.133880 0.754408 0.057377 0.100756
1 0.148907 0.636020 0.024590 0.037783
1 0.259563 0.681360 0.046448 0.020151
1 0.219945 0.623426 0.046448 0.020151
1 0.180328 0.319899 0.027322 0.037783
1 0.400273 0.404282 0.030055 0.062972
1 0.416667 0.452141 0.068306 0.030227
1 0.494536 0.336272 0.049180 0.025189
1 0.606557 0.761965 0.060109 0.100756
1 0.618852 0.639798 0.027322 0.040302
1 0.728142 0.687657 0.046448 0.022670
1 0.689891 0.629723 0.046448 0.025189
1 0.644809 0.326196 0.030055 0.042821
1 0.866120 0.410579 0.032787 0.062972
1 0.885246 0.458438 0.068306 0.027708
1 0.964481 0.341310 0.049180 0.020151
4 0.209016 0.681360 0.057377 0.040302
4 0.677596 0.687657 0.054645 0.037783
0 0.178962 0.425693 0.030055 0.042821
0 0.644809 0.429471 0.027322 0.037783
0 0.469945 0.437028 0.030055 0.062972
0 0.939891 0.440806 0.032787 0.060453
2 0.896175 0.624685 0.079235 0.123426
2 0.834699 0.497481 0.081967 0.035264
2 0.416667 0.617128 0.090164 0.123426
2 0.364754 0.489924 0.081967 0.035264
3 0.165301 0.549118 0.054645 0.098237
3 0.219945 0.547859 0.051913 0.098237
3 0.289617 0.403023 0.131148 0.136020
3 0.475410 0.210327 0.147541 0.095718
3 0.635246 0.554156 0.057377 0.100756
3 0.692623 0.552897 0.057377 0.098237
3 0.760929 0.410579 0.136612 0.133501
3 0.933060 0.210327 0.133880 0.098237