1 0.150246 0.028686 0.057315 0.033405
1 0.299039 0.028686 0.074680 0.038445
1 0.843842 0.070590 0.064261 0.035282
1 0.917094 0.074665 0.069483 0.039705
1 0.636872 0.391340 0.026626 0.060509
1 0.519631 0.391984 0.033005 0.083190
1 0.486921 0.348177 0.033571 0.085067
1 0.128818 0.511716 0.026059 0.059249
1 0.142438 0.570643 0.056749 0.037185
1 0.186724 0.531877 0.026059 0.060509
1 0.291798 0.569062 0.076429 0.040322
1 0.316700 0.512654 0.030099 0.063646
1 0.830246 0.599946 0.075271 0.041582
1 0.909557 0.601206 0.072956 0.039062
1 0.475616 0.880375 0.034163 0.089491
1 0.510640 0.925121 0.032414 0.083190
1 0.627611 0.918499 0.030099 0.059866
1 0.661872 0.508391 0.052759 0.033566
0 0.361823 0.035791 0.031970 0.061662
0 0.351601 0.573753 0.025567 0.059383
0 0.493153 0.508123 0.052266 0.033646
4 0.234458 0.528418 0.054754 0.076139
3 0.507906 0.100134 0.144606 0.188767
3 0.863571 0.373351 0.116404 0.178525
3 0.398079 0.510938 0.121453 0.075121
3 0.498719 0.632011 0.147660 0.178767
3 0.854187 0.897239 0.122980 0.182145
2 0.190788 0.860027 0.152266 0.103083
2 0.434754 0.821877 0.052463 0.098525
2 0.202660 0.323217 0.151084 0.098660
2 0.446724 0.290617 0.053645 0.099223