1 0.966749 0.408847 0.066502 0.088472
1 0.503695 0.316354 0.061576 0.058981
1 0.570197 0.419571 0.081281 0.075067
1 0.621921 0.424933 0.083744 0.080429
1 0.703202 0.837802 0.059113 0.058981
1 0.651478 0.859249 0.061576 0.072386
1 0.655172 0.797587 0.061576 0.058981
1 0.566502 0.725201 0.073892 0.091153
1 0.596059 0.670241 0.066502 0.064343
1 0.235222 0.262735 0.076355 0.093834
1 0.188424 0.193029 0.071429 0.088472
1 0.227833 0.739946 0.086207 0.080429
1 0.173645 0.733244 0.081281 0.075067
1 0.112069 0.626005 0.061576 0.058981
1 0.401478 0.360590 0.056650 0.067024
0 0.928571 0.356568 0.064039 0.064343
0 0.529557 0.675603 0.059113 0.056300
0 0.498768 0.510724 0.056650 0.067024
4 0.631773 0.753351 0.088670 0.091153
3 0.796798 0.264075 0.224138 0.235925
3 0.386700 0.103217 0.201970 0.206434
3 0.550493 0.597855 0.125616 0.150134
3 0.401478 0.576408 0.219212 0.235925
3 0.050493 0.410188 0.100985 0.214477
2 0.405172 0.942359 0.165025 0.115282
2 0.295567 0.742627 0.103448 0.101877
2 0.802956 0.663539 0.160099 0.190349
2 0.687192 0.427614 0.105911 0.104558