1 0.150246 0.971850 0.056650 0.032172
1 0.299261 0.971850 0.073892 0.037534
1 0.843596 0.928954 0.064039 0.034853
1 0.917488 0.924933 0.068966 0.040214
1 0.636700 0.608579 0.027094 0.061662
1 0.519704 0.608579 0.032020 0.083110
1 0.486453 0.651475 0.034483 0.085791
1 0.129310 0.487936 0.027094 0.058981
1 0.142857 0.428954 0.056650 0.037534
1 0.187192 0.467828 0.027094 0.061662
1 0.291872 0.430295 0.076355 0.040214
1 0.316502 0.487936 0.029557 0.064343
1 0.830049 0.399464 0.076355 0.042895
1 0.910099 0.399464 0.073892 0.040214
1 0.475369 0.119303 0.034483 0.088472
1 0.511084 0.075067 0.032020 0.083110
1 0.628079 0.081769 0.029557 0.058981
1 0.661330 0.491957 0.051724 0.034853
0 0.362069 0.963807 0.032020 0.061662
0 0.352217 0.426273 0.024631 0.058981
0 0.492611 0.491957 0.051724 0.034853
4 0.233990 0.471850 0.054187 0.075067
3 0.507389 0.899464 0.145320 0.187668
3 0.863300 0.626005 0.115764 0.179625
3 0.397783 0.489276 0.120690 0.075067
3 0.498768 0.368633 0.147783 0.179625
3 0.854680 0.103217 0.123153 0.182306
2 0.190887 0.139410 0.152709 0.101877
2 0.434729 0.178284 0.051724 0.099196
2 0.203202 0.676944 0.150246 0.099196
2 0.447044 0.709115 0.054187 0.099196