1 0.084975 0.904826 0.032020 0.064343
1 0.077586 0.742627 0.039409 0.083110
1 0.088670 0.148794 0.034483 0.072386
1 0.088670 0.068365 0.039409 0.077748
1 0.392857 0.356568 0.059113 0.032172
1 0.399015 0.483914 0.078818 0.040214
1 0.362069 0.522788 0.081281 0.042895
1 0.530788 0.902145 0.056650 0.032172
1 0.583744 0.884718 0.036946 0.064343
1 0.545567 0.837802 0.059113 0.032172
1 0.575123 0.722520 0.041872 0.085791
1 0.520936 0.698391 0.061576 0.034853
1 0.575123 0.135389 0.044335 0.085791
1 0.571429 0.048257 0.041872 0.083110
1 0.850985 0.506702 0.083744 0.042895
1 0.889163 0.465147 0.078818 0.040214
1 0.876847 0.339142 0.056650 0.034853
1 0.498768 0.324397 0.034483 0.058981
0 0.081281 0.674263 0.059113 0.037534
0 0.575123 0.658177 0.054187 0.029491
0 0.507389 0.508043 0.034483 0.058981
4 0.539409 0.788204 0.071429 0.061662
3 0.133005 0.513405 0.179803 0.168901
3 0.365764 0.111260 0.169951 0.134048
3 0.514778 0.609920 0.076355 0.134048
3 0.620690 0.494638 0.172414 0.168901
3 0.846059 0.093834 0.174877 0.142091
2 0.847291 0.817694 0.100985 0.171582
2 0.798030 0.553619 0.093596 0.061662
2 0.353448 0.832440 0.098522 0.168901
2 0.310345 0.568365 0.093596 0.064343