1 0.866604 0.117391 0.050373 0.056522
1 0.827425 0.034783 0.026119 0.117391
1 0.732276 0.108696 0.072761 0.069565
1 0.215485 0.171739 0.072761 0.073913
1 0.139925 0.171739 0.074627 0.069565
1 0.406716 0.832609 0.027985 0.108696
1 0.520522 0.832609 0.029851 0.134783
1 0.553172 0.732609 0.029851 0.130435
4 0.785448 0.026087 0.048507 0.126087
3 0.539179 0.241304 0.136194 0.356522
3 0.187500 0.791304 0.115672 0.347826
0 0.677239 0.117391 0.027985 0.113043
2 0.815299 0.719565 0.134328 0.191304
2 0.594216 0.636957 0.046642 0.191304