1 0.033582 0.421739 0.067164 0.130435
1 0.028918 0.552174 0.044776 0.126087
1 0.315299 0.893478 0.054104 0.104348
1 0.497201 0.902174 0.076493 0.130435
1 0.563433 0.954348 0.078358 0.091304
1 0.446828 0.117391 0.042910 0.126087
1 0.303172 0.041304 0.057836 0.178261
1 0.763993 0.004348 0.078358 0.134783
3 0.094216 0.636957 0.128731 0.247826
3 0.225746 0.504348 0.186567 0.443478
3 0.636194 0.382609 0.173507 0.439130
0 0.081157 0.473913 0.042910 0.126087
0 0.173507 0.726087 0.054104 0.100000
2 0.247201 0.104348 0.074627 0.213043