1 0.806903 0.650000 0.048507 0.020313
1 0.799440 0.556250 0.069030 0.025000
1 0.837687 0.529687 0.070896 0.025000
1 0.692164 0.260937 0.050373 0.020313
1 0.643657 0.272656 0.026119 0.040625
1 0.680037 0.304687 0.050373 0.021875
1 0.647388 0.383594 0.031716 0.059375
1 0.696828 0.401562 0.050373 0.023437
1 0.706157 0.672656 0.024254 0.042188
1 0.630597 0.810937 0.031716 0.060937
1 0.628731 0.874219 0.031716 0.059375
1 0.347948 0.653125 0.046642 0.021875
1 0.344216 0.559375 0.065299 0.028125
1 0.381530 0.531250 0.067164 0.026562
1 0.236940 0.261719 0.050373 0.021875
1 0.186567 0.272656 0.024254 0.042188
1 0.222015 0.305469 0.050373 0.021875
1 0.190299 0.385156 0.029851 0.060937
1 0.239739 0.403906 0.048507 0.023437
1 0.244403 0.675000 0.026119 0.043750
1 0.163246 0.817969 0.031716 0.060937
1 0.163246 0.881250 0.029851 0.062500
4 0.681903 0.339844 0.057836 0.039062
4 0.225746 0.340625 0.054104 0.040625
3 0.829291 0.834375 0.151119 0.101562
3 0.697761 0.465625 0.057836 0.095312
3 0.593284 0.543750 0.154851 0.117188
3 0.366604 0.837500 0.154851 0.096875
3 0.238806 0.467187 0.054104 0.093750
3 0.133396 0.546875 0.152985 0.114062
0 0.701493 0.538281 0.027985 0.042188
0 0.645522 0.429688 0.048507 0.021875
0 0.186567 0.431250 0.048507 0.023437
0 0.243470 0.540625 0.026119 0.043750
2 0.857276 0.312500 0.082090 0.112500
2 0.886194 0.496875 0.080224 0.037500
2 0.400187 0.314063 0.083955 0.112500
2 0.430037 0.499219 0.080224 0.039062