1 0.206157 0.476562 0.052239 0.040625
1 0.281716 0.407031 0.072761 0.054688
1 0.270522 0.366406 0.074627 0.056250
1 0.583022 0.229687 0.054104 0.042188
1 0.612873 0.263281 0.050373 0.045312
1 0.560634 0.270313 0.055970 0.043750
1 0.527985 0.349219 0.069030 0.062500
1 0.475746 0.337500 0.057836 0.043750
1 0.269590 0.546875 0.050373 0.045312
1 0.226679 0.694531 0.069030 0.064062
1 0.181903 0.745313 0.069030 0.062500
1 0.566231 0.715625 0.052239 0.040625
1 0.638060 0.643750 0.072761 0.056250
1 0.628731 0.602344 0.072761 0.056250
1 0.941231 0.464844 0.055970 0.043750
1 0.972948 0.499219 0.050373 0.045312
1 0.920709 0.507031 0.055970 0.043750
1 0.887127 0.585938 0.069030 0.064062
1 0.833955 0.575000 0.055970 0.043750
1 0.631530 0.786719 0.052239 0.048438
1 0.590485 0.941406 0.069030 0.064062
1 0.543843 0.990625 0.069030 0.064062
4 0.532649 0.296875 0.074627 0.060937
4 0.891791 0.532813 0.072761 0.059375
3 0.074627 0.610156 0.149254 0.157813
3 0.428172 0.387500 0.115672 0.104688
3 0.453358 0.503125 0.208955 0.171875
3 0.416045 0.851562 0.194030 0.156250
3 0.788246 0.625781 0.111940 0.101562
3 0.813433 0.742969 0.205224 0.168750
0 0.371269 0.442969 0.052239 0.048438
0 0.495336 0.386719 0.054104 0.042188
0 0.856343 0.624219 0.055970 0.043750
0 0.730410 0.681250 0.052239 0.048438
2 0.415112 0.185156 0.147388 0.131250
2 0.256530 0.315625 0.091418 0.070312
2 0.774254 0.421875 0.149254 0.131250
2 0.614739 0.552344 0.091418 0.071875