1 0.033582 0.951562 0.067164 0.046875
1 0.028918 0.998437 0.044776 0.045312
1 0.446828 0.842187 0.042910 0.045312
1 0.347948 0.796875 0.055970 0.062500
1 0.303172 0.814844 0.057836 0.064062
1 0.073694 0.590625 0.042910 0.046875
1 0.107276 0.558594 0.054104 0.037500
1 0.125933 0.600000 0.044776 0.046875
1 0.225746 0.608594 0.078358 0.048438
1 0.223881 0.653906 0.046642 0.048438
1 0.513060 0.775781 0.055970 0.035937
1 0.694963 0.776563 0.080224 0.050000
1 0.763993 0.801562 0.078358 0.048438
1 0.643657 0.495312 0.042910 0.045312
1 0.543843 0.453125 0.057836 0.060937
1 0.497201 0.469531 0.057836 0.062500
1 0.266791 0.245312 0.044776 0.046875
1 0.300373 0.211719 0.055970 0.035937
1 0.320896 0.253125 0.044776 0.046875
1 0.420709 0.262500 0.078358 0.048438
1 0.419776 0.307813 0.046642 0.046875
1 0.710821 0.425781 0.057836 0.039062
1 0.900187 0.425000 0.080224 0.050000
1 0.963619 0.450781 0.072761 0.048438
1 0.847015 0.142187 0.044776 0.045312
1 0.743470 0.101562 0.052239 0.054688
1 0.695896 0.122656 0.050373 0.053125
4 0.163246 0.616406 0.067164 0.060937
4 0.357276 0.270313 0.067164 0.057813
3 0.225746 0.981250 0.186567 0.159375
3 0.636194 0.937500 0.173507 0.157813
3 0.292910 0.681250 0.126866 0.084375
3 0.421642 0.635156 0.192164 0.167187
3 0.835821 0.587500 0.169776 0.157813
3 0.488806 0.333594 0.125000 0.081250
3 0.619403 0.287500 0.188433 0.164062
3 0.976679 0.232031 0.046642 0.154688
0 0.081157 0.970313 0.042910 0.045312
0 0.370336 0.714844 0.057836 0.039062
0 0.276119 0.626563 0.044776 0.045312
0 0.472015 0.278906 0.046642 0.046875
0 0.566231 0.368750 0.057836 0.039062
2 0.069030 0.737500 0.138060 0.109375
2 0.247201 0.837500 0.074627 0.076563
2 0.254664 0.391406 0.156716 0.110937
2 0.442164 0.492188 0.076493 0.078125
2 0.455224 0.044531 0.156716 0.089063
2 0.640858 0.139063 0.076493 0.078125