1 0.883396 0.039062 0.022388 0.040625
1 0.869403 0.079687 0.048507 0.018750
1 0.831157 0.049219 0.024254 0.039062
1 0.737873 0.075781 0.070896 0.023437
1 0.715485 0.033594 0.026119 0.040625
1 0.393657 0.023437 0.048507 0.021875
1 0.227612 0.085156 0.070896 0.023437
1 0.152985 0.084375 0.072761 0.025000
1 0.416045 0.322656 0.024254 0.040625
1 0.527985 0.328906 0.029851 0.057813
1 0.559701 0.296875 0.029851 0.059375
1 0.880597 0.418750 0.024254 0.042188
1 0.866604 0.459375 0.048507 0.021875
1 0.828358 0.428906 0.026119 0.042188
1 0.734142 0.456250 0.070896 0.026562
1 0.712687 0.414844 0.027985 0.042188
1 0.388993 0.407031 0.050373 0.020313
1 0.223881 0.470313 0.072761 0.026562
1 0.148321 0.471875 0.070896 0.026562
1 0.412313 0.707031 0.026119 0.039062
1 0.524254 0.710156 0.033582 0.054688
1 0.557836 0.678906 0.031716 0.056250
1 0.879664 0.800000 0.026119 0.042188
1 0.866604 0.842187 0.050373 0.020313
1 0.827425 0.812500 0.026119 0.042188
1 0.732276 0.839063 0.072761 0.025000
1 0.709888 0.797656 0.027985 0.040625
1 0.386194 0.793750 0.052239 0.021875
1 0.215485 0.861719 0.072761 0.026562
1 0.139925 0.861719 0.074627 0.025000
4 0.790112 0.046875 0.046642 0.045312
4 0.786381 0.427344 0.046642 0.048438
4 0.785448 0.809375 0.048507 0.045312
3 0.640858 0.028906 0.111940 0.054688
3 0.545709 0.118750 0.136194 0.123438
3 0.195896 0.303906 0.121269 0.126562
3 0.636194 0.414062 0.113806 0.048438
3 0.542910 0.501563 0.139925 0.129688
3 0.192164 0.691406 0.115672 0.129688
3 0.634328 0.798437 0.111940 0.045312
3 0.539179 0.886719 0.136194 0.128125
0 0.682836 0.077344 0.024254 0.040625
0 0.553172 0.028125 0.046642 0.021875
0 0.549440 0.410938 0.050373 0.023437
0 0.679104 0.457813 0.026119 0.040625
0 0.677239 0.842187 0.027985 0.040625
0 0.546642 0.794531 0.052239 0.021875
2 0.819030 0.280469 0.134328 0.068750
2 0.598881 0.256250 0.044776 0.067187
2 0.817164 0.663281 0.134328 0.070312
2 0.596082 0.638281 0.046642 0.067187