1 0.193097 0.509375 0.048507 0.020313
1 0.200560 0.603125 0.069030 0.025000
1 0.162313 0.629687 0.070896 0.025000
1 0.307836 0.898438 0.050373 0.020313
1 0.356343 0.886719 0.026119 0.040625
1 0.319963 0.854688 0.050373 0.021875
1 0.352612 0.775781 0.031716 0.059375
1 0.303172 0.757812 0.050373 0.023437
1 0.293843 0.486719 0.024254 0.042188
1 0.369403 0.348438 0.031716 0.060937
1 0.371269 0.285156 0.031716 0.059375
1 0.652052 0.506250 0.046642 0.021875
1 0.655784 0.600000 0.065299 0.028125
1 0.618470 0.628125 0.067164 0.026562
1 0.763060 0.897656 0.050373 0.021875
1 0.813433 0.886719 0.024254 0.042188
1 0.777985 0.853906 0.050373 0.021875
1 0.809701 0.774219 0.029851 0.060937
1 0.760261 0.755469 0.048507 0.023437
1 0.755597 0.484375 0.026119 0.043750
1 0.836754 0.341406 0.031716 0.060937
1 0.836754 0.278125 0.029851 0.062500
4 0.318097 0.819531 0.057836 0.039062
4 0.774254 0.818750 0.054104 0.040625
3 0.170709 0.325000 0.151119 0.101562
3 0.302239 0.693750 0.057836 0.095312
3 0.406716 0.615625 0.154851 0.117188
3 0.633396 0.321875 0.154851 0.096875
3 0.761194 0.692187 0.054104 0.093750
3 0.866604 0.612500 0.152985 0.114062
0 0.298507 0.621094 0.027985 0.042188
0 0.354478 0.729688 0.048507 0.021875
0 0.813433 0.728125 0.048507 0.023437
0 0.756530 0.618750 0.026119 0.043750
2 0.142724 0.846875 0.082090 0.112500
2 0.113806 0.662500 0.080224 0.037500
2 0.599813 0.845313 0.083955 0.112500
2 0.569963 0.660156 0.080224 0.039062