1 0.125659 0.848933 0.040422 0.072250
1 0.126538 0.777504 0.036907 0.070608
1 0.044815 0.615764 0.031634 0.052545
1 0.420914 0.591133 0.054482 0.027915
1 0.427944 0.480296 0.077329 0.032841
1 0.388401 0.448276 0.082601 0.031199
1 0.050967 0.295567 0.054482 0.024631
1 0.103691 0.272578 0.036907 0.070608
1 0.067663 0.181445 0.057996 0.026273
1 0.107206 0.140394 0.029877 0.049261
1 0.056239 0.128079 0.059754 0.029557
1 0.613357 0.853038 0.038664 0.067323
1 0.613357 0.779967 0.038664 0.072250
1 0.529877 0.616585 0.033392 0.052545
1 0.906854 0.592775 0.059754 0.026273
1 0.916520 0.481938 0.075571 0.031199
1 0.872583 0.448276 0.080844 0.032841
1 0.534271 0.295567 0.052724 0.026273
1 0.588752 0.272578 0.035149 0.070608
1 0.554482 0.178982 0.056239 0.027915
1 0.539543 0.128079 0.056239 0.027915
1 0.590510 0.139573 0.033392 0.049261
3 0.049209 0.368637 0.066784 0.111658
3 0.159930 0.462233 0.163445 0.134647
3 0.402460 0.807061 0.161687 0.111658
3 0.889279 0.809524 0.165202 0.118227
3 0.648506 0.461412 0.165202 0.139573
3 0.535149 0.370279 0.061511 0.113300
0 0.108963 0.327586 0.056239 0.027915
0 0.048330 0.458128 0.029877 0.050903
0 0.533392 0.458949 0.033392 0.050903
0 0.594025 0.327586 0.054482 0.026273
4 0.066784 0.221675 0.061511 0.045977
4 0.550967 0.221675 0.063269 0.050903
2 0.366432 0.189655 0.091388 0.139573
2 0.336555 0.407225 0.096661 0.045977
2 0.849736 0.188834 0.086116 0.139573
2 0.820738 0.410509 0.094903 0.050903