1 0.126538 0.849754 0.077329 0.037767
1 0.202988 0.848933 0.075571 0.034483
1 0.376098 0.925287 0.056239 0.029557
1 0.402460 0.573892 0.029877 0.050903
1 0.521090 0.567323 0.035149 0.072250
1 0.555360 0.604269 0.033392 0.077176
1 0.718805 0.919540 0.026362 0.050903
1 0.743409 0.870279 0.075571 0.034483
1 0.840949 0.903941 0.028120 0.054187
1 0.884886 0.866995 0.052724 0.027915
1 0.898067 0.914614 0.031634 0.055829
1 0.122144 0.394089 0.072056 0.036125
1 0.200351 0.394089 0.077329 0.036125
1 0.375220 0.472085 0.056239 0.031199
1 0.400703 0.119869 0.028120 0.055829
1 0.519332 0.110837 0.033392 0.070608
1 0.555360 0.151888 0.035149 0.075534
1 0.718805 0.467980 0.028120 0.049261
1 0.743409 0.417077 0.075571 0.032841
1 0.843585 0.449097 0.029877 0.052545
1 0.898067 0.463054 0.029877 0.052545
1 0.885764 0.415435 0.052724 0.031199
3 0.640598 0.921182 0.119508 0.062397
3 0.540422 0.817734 0.144112 0.152709
3 0.171353 0.591133 0.119508 0.151067
3 0.168717 0.136289 0.126538 0.154351
3 0.541301 0.361248 0.149385 0.154351
3 0.638840 0.467159 0.121265 0.057471
0 0.684534 0.865353 0.029877 0.052545
0 0.544815 0.922003 0.054482 0.027915
0 0.543937 0.468801 0.054482 0.031199
0 0.684534 0.412151 0.028120 0.050903
4 0.797891 0.904762 0.049209 0.057471
4 0.797891 0.452381 0.054482 0.059113
2 0.832162 0.624795 0.149385 0.085386
2 0.599297 0.652709 0.049209 0.090312
2 0.833040 0.173235 0.149385 0.080460
2 0.595782 0.200328 0.054482 0.088670