1 0.957821 0.252874 0.084359 0.055829
1 0.883128 0.234811 0.082601 0.050903
1 0.737258 0.119048 0.063269 0.042693
1 0.615114 0.452381 0.042179 0.055829
1 0.498243 0.430213 0.054482 0.078818
1 0.475395 0.385878 0.054482 0.082102
1 0.405097 0.041872 0.040422 0.055829
1 0.367311 0.083744 0.082601 0.050903
1 0.282953 0.027915 0.042179 0.055829
1 0.230228 0.052545 0.057996 0.039409
1 0.230228 0.017241 0.045694 0.034483
1 0.835677 0.693760 0.079086 0.052545
1 0.760105 0.674877 0.084359 0.054187
1 0.612478 0.557471 0.063269 0.044335
1 0.490334 0.890805 0.042179 0.060755
1 0.373462 0.871100 0.050967 0.075534
1 0.349736 0.822660 0.054482 0.082102
1 0.279438 0.477833 0.040422 0.054187
1 0.241652 0.521346 0.082601 0.049261
1 0.153779 0.466338 0.043937 0.057471
1 0.105448 0.439245 0.043937 0.057471
1 0.103691 0.488506 0.059754 0.042693
3 0.480668 0.059113 0.133568 0.088670
3 0.549209 0.183087 0.181019 0.182266
3 0.842707 0.491790 0.156415 0.174056
3 0.718805 0.920361 0.165202 0.159278
3 0.421793 0.623974 0.186292 0.185550
3 0.356766 0.498358 0.133568 0.085386
0 0.422671 0.102627 0.043937 0.057471
0 0.573814 0.081281 0.059754 0.039409
0 0.449033 0.519704 0.061511 0.042693
0 0.297012 0.540230 0.040422 0.055829
4 0.324253 0.036946 0.063269 0.067323
4 0.199473 0.473727 0.068541 0.070608
2 0.213533 0.298851 0.168717 0.118227
2 0.446397 0.328407 0.072056 0.098522
2 0.087873 0.734811 0.166960 0.113300
2 0.324253 0.766010 0.077329 0.098522