1 0.873462 0.849754 0.077329 0.037767
1 0.797012 0.848933 0.075571 0.034483
1 0.623902 0.925287 0.056239 0.029557
1 0.597540 0.573892 0.029877 0.050903
1 0.478910 0.567323 0.035149 0.072250
1 0.444640 0.604269 0.033392 0.077176
1 0.281195 0.919540 0.026362 0.050903
1 0.256591 0.870279 0.075571 0.034483
1 0.159051 0.903941 0.028120 0.054187
1 0.115114 0.866995 0.052724 0.027915
1 0.101933 0.914614 0.031634 0.055829
1 0.877856 0.394089 0.072056 0.036125
1 0.799649 0.394089 0.077329 0.036125
1 0.624780 0.472085 0.056239 0.031199
1 0.599297 0.119869 0.028120 0.055829
1 0.480668 0.110837 0.033392 0.070608
1 0.444640 0.151888 0.035149 0.075534
1 0.281195 0.467980 0.028120 0.049261
1 0.256591 0.417077 0.075571 0.032841
1 0.156415 0.449097 0.029877 0.052545
1 0.101933 0.463054 0.029877 0.052545
1 0.114236 0.415435 0.052724 0.031199
3 0.359402 0.921182 0.119508 0.062397
3 0.459578 0.817734 0.144112 0.152709
3 0.828647 0.591133 0.119508 0.151067
3 0.831283 0.136289 0.126538 0.154351
3 0.458699 0.361248 0.149385 0.154351
3 0.361160 0.467159 0.121265 0.057471
0 0.315466 0.865353 0.029877 0.052545
0 0.455185 0.922003 0.054482 0.027915
0 0.456063 0.468801 0.054482 0.031199
0 0.315466 0.412151 0.028120 0.050903
4 0.202109 0.904762 0.049209 0.057471
4 0.202109 0.452381 0.054482 0.059113
2 0.167838 0.624795 0.149385 0.085386
2 0.400703 0.652709 0.049209 0.090312
2 0.166960 0.173235 0.149385 0.080460
2 0.404218 0.200328 0.054482 0.088670