1 0.328647 0.032841 0.087873 0.065681
1 0.397188 0.064860 0.084359 0.062397
1 0.587873 0.067323 0.065026 0.049261
1 0.447276 0.393268 0.050967 0.057471
1 0.550967 0.448276 0.065026 0.078818
1 0.598418 0.428571 0.066784 0.083744
1 0.893673 0.212644 0.047452 0.055829
1 0.892794 0.266831 0.084359 0.062397
1 0.985062 0.276683 0.029877 0.060755
1 0.993849 0.326765 0.012302 0.045977
1 0.110721 0.440066 0.080844 0.062397
1 0.181019 0.472085 0.086116 0.064039
1 0.374341 0.473727 0.065026 0.050903
1 0.231986 0.801314 0.050967 0.062397
1 0.334798 0.857964 0.063269 0.077176
1 0.386643 0.835796 0.066784 0.082102
1 0.681898 0.618227 0.049209 0.055829
1 0.680141 0.674056 0.082601 0.060755
1 0.784710 0.686371 0.050967 0.059113
1 0.840070 0.696223 0.050967 0.059113
1 0.806678 0.733990 0.061511 0.049261
3 0.824253 0.178982 0.137083 0.105090
3 0.685413 0.230706 0.200351 0.197044
3 0.247803 0.283251 0.177504 0.183908
3 0.062390 0.691297 0.124780 0.190476
3 0.471880 0.641215 0.207381 0.200328
3 0.608963 0.586207 0.135325 0.101806
0 0.837434 0.247126 0.050967 0.059113
0 0.738137 0.138752 0.061511 0.047619
0 0.524605 0.545977 0.063269 0.050903
0 0.624780 0.654351 0.049209 0.057471
4 0.957821 0.258621 0.072056 0.072250
4 0.745167 0.665025 0.077329 0.075534
2 0.856766 0.523810 0.173989 0.137931
2 0.660808 0.403120 0.086116 0.101806
2 0.645870 0.930213 0.172232 0.133005
2 0.445518 0.808703 0.091388 0.101806