1 0.618908 0.847751 0.033138 0.103806
1 0.481481 0.851211 0.038986 0.128028
1 0.439571 0.773356 0.040936 0.141869
1 0.949318 0.257785 0.085770 0.072664
1 0.859649 0.256055 0.083821 0.072664
1 0.658869 0.077855 0.068226 0.058824
1 0.222222 0.190311 0.087719 0.065744
1 0.252437 0.081315 0.037037 0.107266
1 0.098441 0.112457 0.037037 0.107266
1 0.045809 0.188581 0.068226 0.058824
1 0.033138 0.079585 0.040936 0.114187
3 0.882066 0.811419 0.138402 0.335640
3 0.458090 0.311419 0.177388 0.332180
3 0.345029 0.083045 0.148148 0.128028
0 0.458090 0.081315 0.066277 0.065744
0 0.292398 0.200692 0.037037 0.103806
2 0.388889 0.666090 0.064327 0.183391
2 0.106238 0.724913 0.177388 0.183391
4 0.152047 0.105536 0.062378 0.131488