1 0.618908 0.152249 0.033138 0.103806
1 0.481481 0.148789 0.038986 0.128028
1 0.439571 0.226644 0.040936 0.141869
1 0.949318 0.742215 0.085770 0.072664
1 0.859649 0.743945 0.083821 0.072664
1 0.658869 0.922145 0.068226 0.058824
1 0.222222 0.809689 0.087719 0.065744
1 0.252437 0.918685 0.037037 0.107266
1 0.098441 0.887543 0.037037 0.107266
1 0.045809 0.811419 0.068226 0.058824
1 0.033138 0.920415 0.040936 0.114187
3 0.882066 0.188581 0.138402 0.335640
3 0.458090 0.688581 0.177388 0.332180
3 0.345029 0.916955 0.148148 0.128028
0 0.458090 0.918685 0.066277 0.065744
0 0.292398 0.799308 0.037037 0.103806
2 0.388889 0.333910 0.064327 0.183391
2 0.106238 0.275087 0.177388 0.183391
4 0.152047 0.894464 0.062378 0.131488