1 0.513579 0.234477 0.069842 0.079088
1 0.582684 0.279705 0.081737 0.083271
1 0.829737 0.276676 0.055737 0.051475
1 0.106842 0.449705 0.157474 0.042332
1 0.163000 0.392332 0.064158 0.061260
1 0.873053 0.393619 0.115158 0.031930
1 0.489421 0.756193 0.059632 0.061635
1 0.558789 0.798284 0.072000 0.067641
1 0.798526 0.793780 0.070105 0.059088
1 0.081053 0.968365 0.154737 0.037534
1 0.138158 0.913271 0.058421 0.058177
1 0.849211 0.911662 0.107895 0.027078
0 0.235000 0.454960 0.058895 0.054718
0 0.522684 0.391582 0.111579 0.033887
0 0.211632 0.972064 0.062842 0.052038
0 0.499526 0.912118 0.107000 0.032011
2 0.439158 0.175710 0.115000 0.094665
2 0.414421 0.699383 0.134263 0.097614
3 0.323421 0.392815 0.245895 0.070322
3 0.555474 0.512011 0.341842 0.184182
3 0.300895 0.913780 0.252421 0.070000