4 0.791139 0.257225 0.053797 0.115607
3 0.626582 0.164740 0.129747 0.121387
3 0.626582 0.283237 0.126582 0.109827
3 0.446203 0.436416 0.174051 0.283237
3 0.204114 0.820809 0.126582 0.312139
1 0.884494 0.098266 0.126582 0.127168
1 0.735759 0.132948 0.056962 0.057803
1 0.721519 0.283237 0.028481 0.104046
1 0.791139 0.369942 0.031646 0.098266
1 0.341772 0.202312 0.053797 0.052023
1 0.504747 0.705202 0.031646 0.156069
1 0.444620 0.661850 0.079114 0.075145
1 0.359177 0.867052 0.028481 0.109827
2 0.712025 0.693642 0.155063 0.173410
2 0.550633 0.592486 0.047468 0.179191
0 0.482595 0.812139 0.079114 0.069364
0 0.469937 0.199422 0.050633 0.063584