1 0.089474 0.561662 0.142105 0.075067
1 0.081579 0.621984 0.152632 0.077748
1 0.871053 0.758713 0.136842 0.069705
1 0.926316 0.705094 0.126316 0.061662
1 0.800000 0.702413 0.131579 0.069705
1 0.692105 0.599196 0.173684 0.085791
1 0.571053 0.621984 0.126316 0.067024
1 0.023684 0.371314 0.126316 0.061662
4 0.723684 0.671582 0.189474 0.096515
0 0.294737 0.493298 0.126316 0.064343
0 0.602632 0.552279 0.126316 0.067024
2 0.502632 0.841823 0.373684 0.184987
2 0.076316 0.689008 0.205263 0.107239
3 0.444737 0.560322 0.284211 0.142091