1 0.382031 0.916890 0.050000 0.037534
1 0.403906 0.879357 0.042188 0.040214
1 0.405469 0.750670 0.035937 0.034853
1 0.473438 0.723861 0.020313 0.058981
1 0.528125 0.542895 0.026562 0.083110
1 0.528906 0.458445 0.026562 0.077748
1 0.713281 0.762735 0.031250 0.029491
1 0.711719 0.891421 0.040625 0.034853
1 0.684375 0.928954 0.043750 0.034853
1 0.779687 0.737265 0.018750 0.056300
1 0.830469 0.552279 0.018750 0.080429
1 0.830469 0.469169 0.018750 0.077748
1 0.486719 0.178284 0.034375 0.034853
1 0.518750 0.167560 0.020313 0.056300
1 0.495312 0.117962 0.035937 0.034853
1 0.518750 0.026810 0.025000 0.053619
1 0.790625 0.190349 0.034375 0.032172
1 0.822656 0.175603 0.018750 0.058981
1 0.799219 0.131367 0.034375 0.032172
1 0.820312 0.032172 0.021875 0.064343
1 0.789062 0.005362 0.034375 0.010724
4 0.798438 0.083110 0.037500 0.053619
4 0.493750 0.072386 0.039062 0.056300
0 0.472656 0.908847 0.018750 0.058981
0 0.782031 0.920912 0.018750 0.058981
2 0.345313 0.962466 0.056250 0.061662
2 0.375000 0.101877 0.060937 0.158177
2 0.683594 0.115282 0.059375 0.155496
2 0.654687 0.973190 0.057813 0.050938
3 0.474219 0.970509 0.042188 0.058981
3 0.546094 0.902145 0.107813 0.158177
3 0.396094 0.504021 0.107813 0.131367
3 0.784375 0.977212 0.040625 0.045576
3 0.701562 0.514745 0.101562 0.136729