4 0.208196 0.258439 0.052563 0.116301
3 0.373418 0.165202 0.129367 0.123699
3 0.373165 0.284277 0.126835 0.112601
3 0.553829 0.436127 0.172816 0.283353
3 0.796108 0.821445 0.126835 0.310116
1 0.115696 0.097630 0.127816 0.124624
1 0.264494 0.132543 0.056297 0.057803
1 0.278892 0.283410 0.029177 0.101329
1 0.208196 0.369017 0.030823 0.099827
1 0.658892 0.202312 0.055063 0.054798
1 0.495095 0.704220 0.032468 0.156185
1 0.555506 0.660694 0.080158 0.073584
1 0.640601 0.867168 0.030000 0.108092
2 0.288766 0.693237 0.154335 0.174335
2 0.449778 0.592370 0.046709 0.181734
0 0.517405 0.813179 0.079589 0.067110
0 0.529399 0.199653 0.050854 0.061272