1 0.305859 0.213887 0.021531 0.085550
1 0.327516 0.251769 0.023984 0.073405
1 0.402453 0.254343 0.019625 0.060777
1 0.952469 0.234477 0.020734 0.079088
1 0.972984 0.279705 0.024266 0.083271
1 0.079234 0.369410 0.017859 0.060322
1 0.089000 0.427828 0.033672 0.036059
1 0.116437 0.388901 0.017484 0.060965
1 0.180328 0.428311 0.047438 0.045308
1 0.198375 0.371340 0.018047 0.059678
1 0.417578 0.371984 0.034219 0.034799
1 0.523328 0.465013 0.047797 0.045952
1 0.572344 0.466756 0.045016 0.044370
1 0.395234 0.783029 0.017109 0.052842
1 0.320406 0.779705 0.019844 0.070456
1 0.298609 0.733137 0.020078 0.074370
1 0.072734 0.908043 0.018281 0.066488
1 0.081719 0.965952 0.034688 0.030563
1 0.109922 0.923324 0.018281 0.063271
1 0.175000 0.962064 0.049063 0.041019
1 0.192266 0.903485 0.018906 0.061126
1 0.409922 0.896649 0.033281 0.031903
1 0.518281 0.984316 0.046875 0.031367
1 0.566328 0.984048 0.045156 0.031903
1 0.736172 0.393619 0.020562 0.059410
1 0.742453 0.449330 0.033109 0.035657
1 0.771016 0.408660 0.020562 0.061260
1 0.831719 0.449705 0.046750 0.042332
1 0.848391 0.392332 0.019047 0.061260
1 0.945297 0.756193 0.017703 0.061635
1 0.965891 0.798284 0.021375 0.067641
1 0.728594 0.914879 0.019375 0.060322
1 0.737109 0.971046 0.033906 0.032172
1 0.763281 0.930563 0.018125 0.060054
1 0.824062 0.968365 0.045938 0.037534
1 0.841016 0.913271 0.017344 0.058177
4 0.146437 0.385791 0.032766 0.069571
4 0.139141 0.921072 0.034891 0.077158
4 0.791453 0.929410 0.031656 0.063110
4 0.797484 0.405710 0.032172 0.067480
0 0.220266 0.433271 0.016172 0.059517
0 0.310297 0.370268 0.034047 0.032869
0 0.869766 0.454960 0.017484 0.054718
0 0.955172 0.391582 0.033125 0.033887
0 0.862828 0.972064 0.018656 0.052038
0 0.948297 0.912118 0.031766 0.032011
0 0.303406 0.900992 0.034469 0.032761
0 0.212891 0.965040 0.018594 0.060429
2 0.125328 0.174799 0.101703 0.105898
2 0.278578 0.150858 0.036547 0.097024
2 0.780406 0.202922 0.092062 0.105308
2 0.930375 0.175710 0.034141 0.094665
2 0.772453 0.731528 0.090281 0.101126
2 0.923031 0.699383 0.039859 0.097614
2 0.119609 0.719142 0.095266 0.102225
2 0.272984 0.681716 0.030375 0.100214
3 0.251672 0.372761 0.079125 0.073512
3 0.313703 0.495657 0.091734 0.185818
3 0.546188 0.239062 0.076766 0.184397
3 0.244031 0.904879 0.077906 0.069008
3 0.539516 0.762815 0.079719 0.174075
3 0.896016 0.392815 0.073000 0.070322
3 0.964906 0.512011 0.101484 0.184182
3 0.889328 0.913780 0.074938 0.070000