1 0.714844 0.916890 0.050000 0.037534
1 0.692969 0.879357 0.042188 0.040214
1 0.691406 0.750670 0.035937 0.034853
1 0.623437 0.723861 0.020313 0.058981
1 0.568750 0.542895 0.026562 0.083110
1 0.567969 0.458445 0.026562 0.077748
1 0.383594 0.762735 0.031250 0.029491
1 0.385156 0.891421 0.040625 0.034853
1 0.412500 0.928954 0.043750 0.034853
1 0.317188 0.737265 0.018750 0.056300
1 0.266406 0.552279 0.018750 0.080429
1 0.266406 0.469169 0.018750 0.077748
1 0.610156 0.178284 0.034375 0.034853
1 0.578125 0.167560 0.020313 0.056300
1 0.601562 0.117962 0.035937 0.034853
1 0.578125 0.026810 0.025000 0.053619
1 0.306250 0.190349 0.034375 0.032172
1 0.274219 0.175603 0.018750 0.058981
1 0.297656 0.131367 0.034375 0.032172
1 0.275000 0.032172 0.021875 0.064343
1 0.307813 0.005362 0.034375 0.010724
4 0.298438 0.083110 0.037500 0.053619
4 0.603125 0.072386 0.039062 0.056300
0 0.624219 0.908847 0.018750 0.058981
0 0.314844 0.920912 0.018750 0.058981
2 0.751563 0.962466 0.056250 0.061662
2 0.721875 0.101877 0.060937 0.158177
2 0.413281 0.115282 0.059375 0.155496
2 0.442188 0.973190 0.057813 0.050938
3 0.622656 0.970509 0.042188 0.058981
3 0.550781 0.902145 0.107813 0.158177
3 0.700781 0.504021 0.107813 0.131367
3 0.312500 0.977212 0.040625 0.045576
3 0.395312 0.514745 0.101562 0.136729