1 0.610937 0.973190 0.050000 0.053619
1 0.611719 0.939678 0.045312 0.080429
1 0.557813 0.849866 0.039062 0.069705
1 0.147656 0.221180 0.046875 0.083110
1 0.150781 0.164879 0.051562 0.091153
1 0.095313 0.081769 0.032813 0.056300
1 0.789062 0.969169 0.053125 0.061662
1 0.753125 0.985255 0.037500 0.029491
1 0.593750 0.746649 0.039062 0.067024
1 0.553125 0.554960 0.053125 0.091153
1 0.517188 0.495979 0.051562 0.085791
1 0.772656 0.471850 0.034375 0.058981
1 0.826562 0.561662 0.042188 0.075067
1 0.824219 0.621984 0.045312 0.077748
1 0.969531 0.621984 0.037500 0.067024
1 0.807031 0.371314 0.037500 0.061662
1 0.763281 0.182306 0.046875 0.077748
1 0.727344 0.124665 0.045312 0.077748
1 0.369531 0.357909 0.039062 0.067024
1 0.386719 0.310992 0.037500 0.064343
1 0.349219 0.305630 0.039062 0.069705
1 0.321094 0.205094 0.051562 0.085791
1 0.286719 0.227882 0.037500 0.067024
1 0.581250 0.008043 0.037500 0.016086
4 0.328906 0.277480 0.050000 0.088472
0 0.761719 0.932976 0.034375 0.061662
0 0.671094 0.873995 0.037500 0.064343
0 0.295312 0.158177 0.034375 0.058981
0 0.207813 0.103217 0.037500 0.064343
0 0.887500 0.493298 0.037500 0.064343
0 0.978906 0.552279 0.037500 0.067024
2 0.260156 0.446381 0.109375 0.184987
2 0.139844 0.289544 0.062500 0.109920
2 0.476562 0.079088 0.106250 0.158177
2 0.949219 0.841823 0.110937 0.184987
2 0.822656 0.689008 0.060937 0.107239
3 0.714062 0.932976 0.087500 0.134048
3 0.717969 0.777480 0.140625 0.243968
3 0.446094 0.694370 0.129688 0.225201
3 0.932031 0.560322 0.084375 0.142091
3 0.659375 0.317694 0.128125 0.219839
3 0.251563 0.171582 0.081250 0.136729
3 0.247656 0.065684 0.148438 0.131367