1 0.460156 0.975871 0.054688 0.048257
1 0.475000 0.935657 0.046875 0.058981
1 0.454688 0.810992 0.040625 0.050938
1 0.514844 0.752011 0.029687 0.067024
1 0.535937 0.550938 0.039062 0.093834
1 0.522656 0.470509 0.039062 0.088472
1 0.750781 0.668901 0.034375 0.042895
1 0.771094 0.792225 0.045312 0.053619
1 0.751563 0.841823 0.048438 0.056300
1 0.810156 0.611260 0.028125 0.064343
1 0.827344 0.408847 0.031250 0.085791
1 0.813281 0.328418 0.031250 0.083110
1 0.434375 0.223861 0.039062 0.050938
1 0.463281 0.197051 0.029687 0.064343
1 0.432812 0.160858 0.040625 0.050938
1 0.439063 0.063003 0.032813 0.064343
1 0.727344 0.081769 0.039062 0.048257
1 0.755469 0.053619 0.028125 0.067024
1 0.725781 0.022788 0.039062 0.045576
4 0.423438 0.117962 0.046875 0.072386
0 0.545312 0.928954 0.028125 0.067024
0 0.843750 0.785523 0.028125 0.067024
2 0.314844 0.206434 0.085937 0.182306
2 0.611719 0.076408 0.082812 0.152815
2 0.730469 0.899464 0.064062 0.077748
3 0.557813 0.973190 0.050000 0.053619
3 0.614844 0.886059 0.129688 0.206434
3 0.403125 0.580429 0.125000 0.179625
3 0.855469 0.837802 0.046875 0.064343
3 0.697656 0.436997 0.120313 0.182306