1 0.420290 0.418750 0.047101 0.042188
1 0.376812 0.462500 0.141304 0.028125
1 0.182971 0.435156 0.047101 0.043750
1 0.077899 0.424219 0.047101 0.043750
1 0.105072 0.467187 0.101449 0.025000
1 0.742754 0.697656 0.061594 0.059375
1 0.809783 0.730469 0.061594 0.060937
3 0.762681 0.508594 0.268116 0.134375
3 0.574275 0.413281 0.231884 0.056250
0 0.748188 0.412500 0.097826 0.025000
0 0.487319 0.465625 0.054348 0.043750
2 0.213768 0.675000 0.275362 0.070312
2 0.659420 0.654688 0.090580 0.071875
4 0.268116 0.432031 0.097826 0.046875