1 0.599638 0.749219 0.050725 0.043750
1 0.637681 0.704688 0.144928 0.031250
1 0.835145 0.728125 0.050725 0.045312
1 0.940217 0.736719 0.050725 0.045312
1 0.909420 0.693750 0.105072 0.026562
1 0.244565 0.478125 0.068841 0.060937
1 0.172101 0.446875 0.068841 0.062500
3 0.246377 0.667187 0.282609 0.140625
3 0.447464 0.758594 0.239130 0.060937
0 0.273551 0.763281 0.101449 0.026562
0 0.527174 0.703906 0.057971 0.045312
2 0.775362 0.489063 0.282609 0.076562
2 0.331522 0.519531 0.097826 0.073438
4 0.750000 0.732812 0.105072 0.048437