1 0.807971 0.478906 0.108696 0.037500
1 0.697464 0.482031 0.123188 0.067187
1 0.666667 0.395313 0.112319 0.037500
1 0.641304 0.350000 0.112319 0.037500
1 0.565217 0.379688 0.097826 0.050000
1 0.378623 0.729688 0.152174 0.050000
1 0.340580 0.770312 0.152174 0.051562
1 0.454710 0.853906 0.112319 0.039062
1 0.286232 0.189062 0.115942 0.065625
1 0.219203 0.135937 0.119565 0.065625
3 0.777174 0.651563 0.398551 0.164062
3 0.889493 0.535937 0.221014 0.114062
0 0.960145 0.602344 0.079710 0.048437
0 0.740942 0.525781 0.115942 0.040625
2 0.184783 0.515625 0.271739 0.137500
2 0.429348 0.678125 0.188406 0.067187
4 0.711957 0.426563 0.141304 0.059375