1 0.244565 0.129688 0.061594 0.060937
1 0.246377 0.192969 0.065217 0.062500
1 0.090580 0.336719 0.054348 0.043750
1 0.114130 0.619531 0.097826 0.020313
1 0.215580 0.638281 0.065217 0.060937
1 0.152174 0.721875 0.101449 0.020313
1 0.126812 0.767188 0.101449 0.020313
1 0.226449 0.755469 0.057971 0.043750
1 0.760870 0.480469 0.137681 0.026562
1 0.836957 0.451562 0.141304 0.026562
1 0.822464 0.354688 0.101449 0.021875
1 0.273551 0.979688 0.061594 0.059375
3 0.322464 0.471875 0.311594 0.115625
3 0.101449 0.553125 0.130435 0.100000
3 0.777174 0.164844 0.307971 0.101562
0 0.099638 0.478125 0.057971 0.042188
0 0.222826 0.590625 0.101449 0.023438
2 0.708333 0.708594 0.163043 0.118750
2 0.661232 0.516406 0.166667 0.039062
4 0.144928 0.685156 0.108696 0.042188