4 0.209065 0.135989 0.053333 0.057937
4 0.207290 0.636963 0.053863 0.059828
3 0.376293 0.088080 0.123832 0.067908
3 0.376480 0.151003 0.125545 0.065415
3 0.555950 0.227507 0.172835 0.149599
3 0.795857 0.429799 0.130561 0.158768
3 0.370779 0.592321 0.124517 0.057765
3 0.370779 0.649255 0.123022 0.056074
3 0.550717 0.723668 0.171807 0.139685
3 0.789377 0.915702 0.123769 0.154613
1 0.115607 0.051920 0.127913 0.064756
1 0.266636 0.072607 0.058318 0.029513
1 0.280810 0.150029 0.029159 0.056332
1 0.209346 0.190831 0.028754 0.051347
1 0.658474 0.113037 0.052897 0.029112
1 0.495981 0.366332 0.035421 0.075100
1 0.556386 0.346017 0.077072 0.037564
1 0.641589 0.450258 0.030000 0.052894
1 0.112741 0.559484 0.129315 0.065731
1 0.263738 0.576132 0.054455 0.031691
1 0.277134 0.651032 0.030187 0.051633
1 0.205452 0.691347 0.029782 0.050086
1 0.650623 0.607622 0.057414 0.029742
1 0.489626 0.855673 0.035732 0.074327
1 0.550436 0.834728 0.079969 0.034814
1 0.634891 0.940000 0.029346 0.052034
0 0.529377 0.108596 0.052555 0.031433
0 0.518692 0.420258 0.081464 0.033152
0 0.524330 0.606905 0.052181 0.028653
0 0.512679 0.910802 0.079969 0.034871
2 0.290561 0.356934 0.156822 0.093696
2 0.450903 0.307937 0.048598 0.083209
2 0.286698 0.854155 0.154361 0.088281
2 0.444081 0.801777 0.046573 0.090258