4 0.104361 0.232092 0.062305 0.048711
4 0.649533 0.230659 0.065421 0.048711
3 0.051402 0.386819 0.074766 0.114613
3 0.119938 0.386819 0.071651 0.114613
3 0.204050 0.551576 0.161994 0.157593
3 0.423676 0.772206 0.171340 0.120344
3 0.599688 0.381089 0.062305 0.114613
3 0.661994 0.381089 0.062305 0.111748
3 0.742991 0.547278 0.152648 0.157593
3 0.933022 0.765043 0.133956 0.114613
1 0.023364 0.144699 0.046729 0.117479
1 0.035826 0.285100 0.031153 0.054441
1 0.119938 0.297994 0.062305 0.025788
1 0.163551 0.232092 0.056075 0.025788
1 0.079439 0.646132 0.031153 0.048711
1 0.355140 0.495702 0.080997 0.031519
1 0.333333 0.551576 0.040498 0.071633
1 0.445483 0.630372 0.056075 0.028653
1 0.565421 0.143266 0.071651 0.120344
1 0.582555 0.282235 0.034268 0.048711
1 0.663551 0.295129 0.056075 0.028653
1 0.708723 0.229226 0.052960 0.028653
1 0.616822 0.638968 0.031153 0.051576
1 0.886293 0.489971 0.080997 0.031519
1 0.864486 0.545845 0.037383 0.074499
1 0.975078 0.623209 0.049844 0.025788
0 0.074766 0.527221 0.034268 0.048711
0 0.412773 0.517192 0.037383 0.074499
0 0.616822 0.522923 0.031153 0.048711
0 0.947040 0.511461 0.037383 0.074499
2 0.344237 0.308023 0.102804 0.143266
2 0.291277 0.454155 0.090343 0.045845
2 0.884735 0.303725 0.096573 0.143266
2 0.828660 0.448424 0.099688 0.042980