1 0.892523 0.876689 0.043614 0.027027
1 0.847352 0.863176 0.024922 0.054054
1 0.880062 0.824324 0.046729 0.027027
4 0.881620 0.780405 0.049844 0.047297
1 0.848910 0.728041 0.028037 0.077703
1 0.894081 0.702703 0.046729 0.027027
3 0.894081 0.625000 0.052960 0.114865
0 0.844237 0.670608 0.043614 0.027027
0 0.897196 0.537162 0.024922 0.050676
3 0.795950 0.533784 0.137072 0.138514
1 0.898754 0.371622 0.021807 0.047297
1 0.823988 0.204392 0.031153 0.074324
1 0.822430 0.126689 0.028037 0.077703
3 0.576324 0.180743 0.137072 0.114865
1 0.560748 0.405405 0.043614 0.027027
1 0.559190 0.518581 0.062305 0.030405
1 0.595016 0.550676 0.065421 0.033784
2 0.641745 0.589527 0.071651 0.043919
2 0.616822 0.817568 0.074766 0.135135
1 0.462617 0.883446 0.043614 0.023649
1 0.415888 0.871622 0.024922 0.050676
1 0.450156 0.829392 0.043614 0.027027
1 0.417445 0.734797 0.028037 0.070946
1 0.464174 0.709459 0.040498 0.023649
4 0.451713 0.787162 0.049844 0.047297
0 0.414330 0.677365 0.043614 0.027027
0 0.465732 0.542230 0.021807 0.050676
3 0.464174 0.633446 0.052960 0.114865
3 0.364486 0.540541 0.140187 0.135135
1 0.465732 0.378378 0.024922 0.054054
1 0.389408 0.209459 0.028037 0.077703
1 0.387850 0.131757 0.031153 0.074324
3 0.141745 0.187500 0.143302 0.121622
1 0.127726 0.410473 0.046729 0.027027
1 0.129283 0.523649 0.052960 0.030405
1 0.161994 0.557432 0.059190 0.030405
2 0.210280 0.597973 0.071651 0.047297
2 0.185358 0.824324 0.074766 0.138514