1 0.844531 0.073016 0.029687 0.073016
1 0.878125 0.096825 0.037500 0.047619
1 0.853906 0.550794 0.023438 0.076190
1 0.787500 0.757143 0.031250 0.101587
1 0.781250 0.855556 0.028125 0.098413
1 0.617969 0.453968 0.037500 0.044444
1 0.650781 0.257143 0.053125 0.053968
1 0.625781 0.298413 0.048438 0.047619
1 0.532813 0.014286 0.028125 0.028571
1 0.567969 0.019048 0.039062 0.038095
1 0.548438 0.468254 0.023438 0.073016
1 0.484375 0.679365 0.029687 0.101587
1 0.479687 0.776190 0.029687 0.101587
0 0.839063 0.133333 0.035937 0.041270
0 0.864844 0.325397 0.021875 0.069841
0 0.530469 0.053968 0.035937 0.044444
0 0.558594 0.247619 0.021875 0.076190
3 0.872656 0.206349 0.045313 0.168254
3 0.792969 0.314286 0.115625 0.212698
3 0.614062 0.744444 0.110937 0.180952
3 0.561719 0.123810 0.048438 0.165079
3 0.486719 0.231746 0.118750 0.231746
2 0.685937 0.212698 0.062500 0.076190