1 0.976636 0.442568 0.046729 0.054054
1 0.973520 0.393581 0.049844 0.057432
4 0.943925 0.363176 0.065421 0.070946
1 0.884735 0.356419 0.071651 0.074324
1 0.897196 0.302365 0.049844 0.057432
3 0.841121 0.253378 0.115265 0.118243
0 0.841121 0.324324 0.046729 0.054054
0 0.781931 0.194257 0.052960 0.054054
3 0.713396 0.275338 0.186916 0.202703
1 0.665109 0.086149 0.046729 0.047297
1 0.500000 0.040541 0.071651 0.074324
1 0.443925 0.013514 0.071651 0.027027
3 0.323988 0.231419 0.168224 0.189189
1 0.471963 0.388514 0.046729 0.054054
1 0.551402 0.462838 0.062305 0.070946
1 0.596573 0.454392 0.065421 0.077703
2 0.652648 0.440878 0.077882 0.087838
2 0.797508 0.606419 0.143302 0.148649
1 0.746106 0.777027 0.046729 0.054054
1 0.708723 0.809122 0.052960 0.054054
1 0.700935 0.753378 0.046729 0.054054
1 0.612150 0.719595 0.068536 0.067568
1 0.624611 0.663851 0.043614 0.047297
4 0.672897 0.726351 0.065421 0.070946
0 0.570093 0.685811 0.046729 0.054054
0 0.507788 0.555743 0.049844 0.050676
3 0.571651 0.614865 0.115265 0.118243
3 0.440810 0.638514 0.186916 0.202703
1 0.392523 0.451014 0.052960 0.054054
1 0.224299 0.405405 0.071651 0.074324
1 0.168224 0.356419 0.071651 0.074324
3 0.068536 0.594595 0.137072 0.195946
1 0.197819 0.751689 0.049844 0.057432
1 0.278816 0.822635 0.056075 0.064189
1 0.323988 0.817568 0.059190 0.067568
2 0.381620 0.802365 0.080997 0.091216
2 0.526480 0.947635 0.143302 0.104730