1 0.474219 0.033333 0.026562 0.066667
1 0.440625 0.050794 0.035937 0.041270
1 0.441406 0.506349 0.020313 0.073016
1 0.496875 0.725397 0.026562 0.095238
1 0.498437 0.825397 0.023438 0.095238
1 0.681250 0.460317 0.035937 0.038095
1 0.658594 0.258730 0.051562 0.044444
1 0.681250 0.304762 0.046875 0.038095
1 0.787500 0.026984 0.025000 0.053968
1 0.753125 0.034921 0.037500 0.038095
1 0.749219 0.488889 0.020313 0.069841
1 0.802344 0.712698 0.025000 0.095238
1 0.802344 0.811111 0.025000 0.095238
0 0.477344 0.095238 0.034375 0.034921
0 0.442188 0.280952 0.018750 0.066667
0 0.789062 0.080952 0.034375 0.038095
0 0.750781 0.268254 0.018750 0.073016
3 0.440625 0.160317 0.037500 0.161905
3 0.514062 0.284127 0.106250 0.190476
3 0.670312 0.750794 0.103125 0.158730
3 0.753906 0.144444 0.040625 0.158730
3 0.822656 0.268254 0.107813 0.209524
2 0.625781 0.206349 0.059375 0.063492