1 0.386792 0.923810 0.044025 0.073016
1 0.367925 0.853968 0.072327 0.041270
1 0.311321 0.903175 0.040881 0.076190
1 0.172956 0.852381 0.100629 0.053968
1 0.139937 0.922222 0.040881 0.073016
1 0.849057 0.834921 0.100629 0.044444
1 0.743711 0.831746 0.103774 0.050794
1 0.863208 0.185714 0.110063 0.050794
1 0.750000 0.184127 0.103774 0.050794
1 0.397799 0.280952 0.037736 0.073016
1 0.380503 0.211111 0.072327 0.044444
1 0.322327 0.263492 0.037736 0.079365
1 0.185535 0.215873 0.100629 0.050794
1 0.155660 0.287302 0.037736 0.076190
0 0.095912 0.847619 0.034591 0.069841
0 0.110063 0.214286 0.037736 0.069841
4 0.248428 0.903175 0.066038 0.082540
4 0.262579 0.268254 0.069182 0.085714
3 0.828616 0.461905 0.191824 0.219048
3 0.031447 0.922222 0.160377 0.076190
3 0.047170 0.285714 0.157233 0.082540
2 0.303459 0.504762 0.194969 0.120635