1 0.415094 0.125397 0.050314 0.076190
1 0.391509 0.193651 0.075472 0.047619
1 0.338050 0.141270 0.047170 0.079365
1 0.196541 0.182540 0.103774 0.060317
1 0.168239 0.109524 0.047170 0.076190
1 0.869497 0.247619 0.103774 0.050794
1 0.764151 0.242857 0.106918 0.057143
1 0.838050 0.895238 0.113208 0.057143
1 0.724843 0.888889 0.106918 0.057143
1 0.380503 0.768254 0.044025 0.076190
1 0.358491 0.836508 0.075472 0.050794
1 0.305031 0.779365 0.044025 0.082540
1 0.165094 0.817460 0.103774 0.057143
1 0.139937 0.744444 0.044025 0.079365
0 0.119497 0.180952 0.040881 0.073016
0 0.089623 0.814286 0.044025 0.073016
4 0.275157 0.136508 0.072327 0.085714
4 0.245283 0.771429 0.075472 0.088889
3 0.823899 0.617460 0.207547 0.231746
3 0.059748 0.103175 0.166667 0.085714
3 0.031447 0.738095 0.163522 0.092063
2 0.301887 0.538095 0.201258 0.133333