1 0.821094 0.033333 0.026562 0.066667
1 0.856250 0.050794 0.035937 0.041270
1 0.855469 0.506349 0.020313 0.073016
1 0.800000 0.725397 0.026562 0.095238
1 0.798438 0.825397 0.023438 0.095238
1 0.615625 0.460317 0.035937 0.038095
1 0.638281 0.258730 0.051562 0.044444
1 0.615625 0.304762 0.046875 0.038095
1 0.507812 0.026984 0.025000 0.053968
1 0.543750 0.034921 0.037500 0.038095
1 0.547656 0.488889 0.020313 0.069841
1 0.494531 0.712698 0.025000 0.095238
1 0.494531 0.811111 0.025000 0.095238
0 0.819531 0.095238 0.034375 0.034921
0 0.854688 0.280952 0.018750 0.066667
0 0.507812 0.080952 0.034375 0.038095
0 0.546094 0.268254 0.018750 0.073016
3 0.856250 0.160317 0.037500 0.161905
3 0.782813 0.284127 0.106250 0.190476
3 0.626563 0.750794 0.103125 0.158730
3 0.542969 0.144444 0.040625 0.158730
3 0.474219 0.268254 0.107813 0.209524
2 0.671094 0.206349 0.059375 0.063492