1 0.113707 0.116554 0.043614 0.027027
1 0.158879 0.130068 0.024922 0.054054
1 0.124611 0.168919 0.046729 0.027027
4 0.123053 0.212838 0.049844 0.047297
1 0.154206 0.265203 0.028037 0.077703
1 0.109034 0.290541 0.046729 0.027027
3 0.107477 0.368243 0.056075 0.114865
0 0.158879 0.322635 0.043614 0.027027
0 0.102804 0.456081 0.024922 0.050676
3 0.204050 0.461149 0.143302 0.141892
1 0.099688 0.621622 0.021807 0.047297
1 0.171340 0.788851 0.031153 0.074324
1 0.171340 0.866554 0.028037 0.077703
3 0.419003 0.817568 0.140187 0.118243
1 0.437695 0.592905 0.043614 0.027027
1 0.440810 0.479730 0.062305 0.030405
1 0.406542 0.447635 0.065421 0.033784
2 0.359813 0.407095 0.071651 0.043919
2 0.387850 0.180743 0.077882 0.135135
1 0.543614 0.116554 0.043614 0.023649
1 0.590343 0.130068 0.024922 0.050676
1 0.554517 0.172297 0.043614 0.027027
1 0.585670 0.266892 0.028037 0.070946
1 0.538941 0.290541 0.040498 0.023649
4 0.552960 0.214527 0.049844 0.047297
0 0.588785 0.324324 0.043614 0.027027
0 0.534268 0.457770 0.021807 0.050676
3 0.537383 0.366554 0.056075 0.114865
3 0.635514 0.462838 0.143302 0.138514
1 0.532710 0.621622 0.024922 0.054054
1 0.605919 0.792230 0.028037 0.077703
1 0.605919 0.869932 0.031153 0.070946
3 0.853583 0.819257 0.146417 0.125000
1 0.870717 0.596284 0.046729 0.027027
1 0.870717 0.483108 0.052960 0.030405
1 0.839564 0.449324 0.059190 0.030405
2 0.791277 0.407095 0.074766 0.047297
2 0.819315 0.182432 0.077882 0.135135