1 0.017390 0.195619 0.094560 0.047048
1 0.003805 0.812317 0.094308 0.051365
1 0.342925 0.107333 0.033396 0.066698
1 0.359811 0.174381 0.066447 0.038317
1 0.413365 0.125524 0.036824 0.070921
1 0.536950 0.174000 0.094151 0.049048
1 0.568836 0.107111 0.039497 0.072444
1 0.762862 0.537333 0.042767 0.098413
1 0.807075 0.587079 0.044214 0.094762
1 0.953585 0.581810 0.038899 0.070032
1 0.330566 0.722476 0.041509 0.073048
1 0.346604 0.787905 0.066069 0.039365
1 0.399937 0.740889 0.037421 0.067968
1 0.524025 0.786952 0.093113 0.046381
1 0.554403 0.720095 0.036792 0.071460
0 0.611006 0.179206 0.032704 0.067619
0 0.786164 0.106667 0.065409 0.041270
0 0.597170 0.794444 0.036478 0.067619
0 0.771226 0.718889 0.065723 0.039048
4 0.467013 0.125556 0.065975 0.081365
4 0.454811 0.738889 0.061855 0.077492
3 0.653522 0.721746 0.151604 0.077778
3 0.782610 0.864921 0.192610 0.213651
3 0.667453 0.107778 0.149214 0.084349
3 0.799403 0.250032 0.188994 0.209524
2 0.417107 0.509492 0.176730 0.112508
2 0.715975 0.468476 0.061289 0.116571