1 0.152648 0.074324 0.024922 0.047297
1 0.165109 0.123311 0.049844 0.027027
1 0.200935 0.087838 0.024922 0.050676
4 0.241433 0.086149 0.043614 0.054054
1 0.289720 0.121622 0.071651 0.030405
1 0.313084 0.072635 0.024922 0.050676
3 0.384735 0.072635 0.105919 0.057432
0 0.342679 0.126689 0.024922 0.047297
0 0.465732 0.069257 0.046729 0.027027
3 0.468847 0.179054 0.127726 0.148649
1 0.618380 0.067568 0.043614 0.023649
1 0.772586 0.148649 0.068536 0.033784
1 0.844237 0.148649 0.071651 0.030405
3 0.794393 0.417230 0.105919 0.148649
1 0.587227 0.434122 0.024922 0.047297
1 0.482866 0.435811 0.028037 0.067568
1 0.453271 0.396959 0.031153 0.070946
2 0.417445 0.347973 0.040498 0.077703
2 0.208723 0.373311 0.127726 0.081081
1 0.146417 0.540541 0.021807 0.050676
1 0.157321 0.591216 0.046729 0.027027
1 0.196262 0.554054 0.024922 0.047297
1 0.283489 0.589527 0.065421 0.030405
1 0.306854 0.538851 0.021807 0.043919
4 0.233645 0.552365 0.043614 0.054054
0 0.336449 0.592905 0.024922 0.047297
0 0.461059 0.537162 0.046729 0.023649
3 0.376947 0.538851 0.105919 0.057432
3 0.462617 0.646959 0.124611 0.152027
1 0.612150 0.537162 0.049844 0.027027
1 0.767913 0.619932 0.071651 0.030405
1 0.839564 0.621622 0.068536 0.033784
3 0.788162 0.888514 0.112150 0.155405
1 0.582555 0.903716 0.024922 0.050676
1 0.478193 0.902027 0.028037 0.057432
1 0.447040 0.866554 0.028037 0.064189
2 0.411215 0.814189 0.043614 0.081081
2 0.200935 0.841216 0.124611 0.081081