1 0.107477 0.123311 0.043614 0.027027
1 0.152648 0.136824 0.024922 0.054054
1 0.119938 0.175676 0.046729 0.027027
4 0.118380 0.219595 0.049844 0.047297
1 0.151090 0.271959 0.028037 0.077703
1 0.105919 0.297297 0.046729 0.027027
3 0.105919 0.375000 0.052960 0.114865
0 0.155763 0.329392 0.043614 0.027027
0 0.102804 0.462838 0.024922 0.050676
3 0.204050 0.466216 0.137072 0.138514
1 0.101246 0.628378 0.021807 0.047297
1 0.176012 0.795608 0.031153 0.070946
1 0.177570 0.873311 0.028037 0.077703
3 0.423676 0.819257 0.137072 0.114865
1 0.439252 0.594595 0.043614 0.027027
1 0.440810 0.481419 0.062305 0.030405
1 0.404984 0.449324 0.065421 0.033784
2 0.358255 0.410473 0.071651 0.043919
2 0.383178 0.182432 0.074766 0.135135
1 0.537383 0.116554 0.043614 0.023649
1 0.584112 0.128378 0.024922 0.050676
1 0.549844 0.170608 0.043614 0.027027
1 0.582555 0.265203 0.028037 0.070946
1 0.535826 0.290541 0.040498 0.023649
4 0.548287 0.212838 0.049844 0.047297
0 0.585670 0.322635 0.043614 0.027027
0 0.534268 0.457770 0.021807 0.050676
3 0.535826 0.366554 0.052960 0.114865
3 0.635514 0.459459 0.140187 0.135135
1 0.534268 0.621622 0.024922 0.054054
1 0.610592 0.790541 0.028037 0.077703
1 0.612150 0.868243 0.031153 0.074324
3 0.858255 0.812500 0.143302 0.121622
1 0.872274 0.589527 0.046729 0.027027
1 0.870717 0.476351 0.052960 0.030405
1 0.838006 0.442568 0.059190 0.030405
2 0.789720 0.402027 0.074766 0.047297
2 0.814642 0.175676 0.074766 0.135135