1 0.386792 0.076190 0.044025 0.073016
1 0.367925 0.146032 0.072327 0.041270
1 0.311321 0.096825 0.040881 0.076190
1 0.172956 0.147619 0.100629 0.053968
1 0.139937 0.077778 0.040881 0.073016
1 0.849057 0.165079 0.100629 0.044444
1 0.743711 0.168254 0.103774 0.050794
1 0.863208 0.814286 0.110063 0.050794
1 0.750000 0.815873 0.103774 0.050794
1 0.397799 0.719048 0.037736 0.073016
1 0.380503 0.788889 0.072327 0.044444
1 0.322327 0.736508 0.037736 0.079365
1 0.185535 0.784127 0.100629 0.050794
1 0.155660 0.712698 0.037736 0.076190
0 0.095912 0.152381 0.034591 0.069841
0 0.110063 0.785714 0.037736 0.069841
4 0.248428 0.096825 0.066038 0.082540
4 0.262579 0.731746 0.069182 0.085714
3 0.828616 0.538095 0.191824 0.219048
3 0.031447 0.077778 0.160377 0.076190
3 0.047170 0.714286 0.157233 0.082540
2 0.303459 0.495238 0.194969 0.120635