1 0.992188 0.923810 0.021875 0.073016
1 0.982812 0.853968 0.035937 0.041270
1 0.954688 0.903175 0.020313 0.076190
1 0.885938 0.852381 0.050000 0.053968
1 0.869531 0.922222 0.020313 0.073016
1 0.645312 0.920635 0.035937 0.041270
1 0.537500 0.807937 0.046875 0.053968
1 0.488281 0.804762 0.046875 0.047619
1 0.667969 0.433333 0.018750 0.073016
1 0.767188 0.479365 0.021875 0.104762
1 0.744531 0.433333 0.018750 0.095238
1 0.997656 0.280952 0.018750 0.073016
1 0.989062 0.211111 0.035937 0.044444
1 0.960156 0.263492 0.018750 0.079365
1 0.892188 0.215873 0.050000 0.050794
1 0.877344 0.287302 0.018750 0.076190
1 0.653906 0.295238 0.034375 0.041270
1 0.543750 0.187302 0.046875 0.050794
1 0.495312 0.187302 0.046875 0.050794
1 0.326562 0.892063 0.017188 0.066667
1 0.317969 0.825397 0.032813 0.038095
1 0.291406 0.874603 0.018750 0.069841
1 0.229687 0.825397 0.046875 0.047619
1 0.214062 0.893651 0.020313 0.073016
1 0.117969 0.461905 0.021875 0.098413
1 0.096094 0.412698 0.021875 0.095238
1 0.023438 0.417460 0.018750 0.069841
1 0.332812 0.277778 0.020313 0.073016
1 0.325000 0.212698 0.032813 0.038095
1 0.298438 0.258730 0.018750 0.066667
1 0.236719 0.212698 0.046875 0.047619
1 0.221094 0.279365 0.018750 0.073016
0 0.847656 0.847619 0.017188 0.069841
0 0.756250 0.920635 0.032813 0.038095
0 0.854688 0.214286 0.018750 0.069841
0 0.762500 0.292063 0.035937 0.038095
0 0.192969 0.820635 0.015625 0.066667
0 0.106250 0.893651 0.032813 0.041270
0 0.200000 0.206349 0.018750 0.066667
0 0.114062 0.280952 0.032813 0.038095
4 0.923438 0.903175 0.032813 0.082540
4 0.930469 0.268254 0.034375 0.085714
4 0.264844 0.874603 0.032813 0.082540
4 0.271094 0.260317 0.031250 0.076190
3 0.815625 0.922222 0.079687 0.076190
3 0.754687 0.773016 0.093750 0.215873
3 0.525000 0.455556 0.078125 0.209524
3 0.823438 0.285714 0.078125 0.082540
3 0.762500 0.146032 0.103125 0.219048
3 0.171875 0.277778 0.075000 0.076190
3 0.107813 0.134921 0.095313 0.212698
3 0.165625 0.892063 0.073438 0.085714
3 0.100000 0.749206 0.093750 0.209524
2 0.950781 0.504762 0.096875 0.120635
2 0.792969 0.546032 0.031250 0.120635
2 0.289844 0.490476 0.087500 0.111111
2 0.141406 0.531746 0.029687 0.117460