4 0.895639 0.232092 0.062305 0.048711
4 0.350467 0.230659 0.065421 0.048711
3 0.948598 0.386819 0.074766 0.114613
3 0.880062 0.386819 0.071651 0.114613
3 0.795950 0.551576 0.161994 0.157593
3 0.576324 0.772206 0.171340 0.120344
3 0.400312 0.381089 0.062305 0.114613
3 0.338006 0.381089 0.062305 0.111748
3 0.257009 0.547278 0.152648 0.157593
3 0.065421 0.765043 0.130841 0.114613
1 0.975078 0.144699 0.049844 0.117479
1 0.964174 0.285100 0.031153 0.054441
1 0.880062 0.297994 0.062305 0.025788
1 0.836449 0.232092 0.056075 0.025788
1 0.920561 0.646132 0.031153 0.048711
1 0.644860 0.495702 0.080997 0.031519
1 0.666667 0.551576 0.040498 0.071633
1 0.554517 0.630372 0.056075 0.028653
1 0.434579 0.143266 0.071651 0.120344
1 0.417445 0.282235 0.034268 0.048711
1 0.336449 0.295129 0.056075 0.028653
1 0.291277 0.229226 0.052960 0.028653
1 0.383178 0.638968 0.031153 0.051576
1 0.113707 0.489971 0.080997 0.031519
1 0.135514 0.545845 0.037383 0.074499
1 0.024922 0.623209 0.049844 0.025788
0 0.925234 0.527221 0.034268 0.048711
0 0.587227 0.517192 0.037383 0.074499
0 0.383178 0.522923 0.031153 0.048711
0 0.052960 0.511461 0.037383 0.074499
2 0.655763 0.308023 0.102804 0.143266
2 0.708723 0.454155 0.090343 0.045845
2 0.115265 0.303725 0.096573 0.143266
2 0.171340 0.448424 0.099688 0.042980