1 0.992188 0.076190 0.021875 0.073016
1 0.982812 0.146032 0.035937 0.041270
1 0.954688 0.096825 0.020313 0.076190
1 0.885938 0.147619 0.050000 0.053968
1 0.869531 0.077778 0.020313 0.073016
1 0.645312 0.079365 0.035937 0.041270
1 0.537500 0.192063 0.046875 0.053968
1 0.488281 0.195238 0.046875 0.047619
1 0.667969 0.566667 0.018750 0.073016
1 0.767188 0.520635 0.021875 0.104762
1 0.744531 0.566667 0.018750 0.095238
1 0.997656 0.719048 0.018750 0.073016
1 0.989062 0.788889 0.035937 0.044444
1 0.960156 0.736508 0.018750 0.079365
1 0.892188 0.784127 0.050000 0.050794
1 0.877344 0.712698 0.018750 0.076190
1 0.653906 0.704762 0.034375 0.041270
1 0.543750 0.812698 0.046875 0.050794
1 0.495312 0.812698 0.046875 0.050794
1 0.326562 0.107937 0.017188 0.066667
1 0.317969 0.174603 0.032813 0.038095
1 0.291406 0.125397 0.018750 0.069841
1 0.229687 0.174603 0.046875 0.047619
1 0.214062 0.106349 0.020313 0.073016
1 0.117969 0.538095 0.021875 0.098413
1 0.096094 0.587302 0.021875 0.095238
1 0.023438 0.582540 0.018750 0.069841
1 0.332812 0.722222 0.020313 0.073016
1 0.325000 0.787302 0.032813 0.038095
1 0.298438 0.741270 0.018750 0.066667
1 0.236719 0.787302 0.046875 0.047619
1 0.221094 0.720635 0.018750 0.073016
0 0.847656 0.152381 0.017188 0.069841
0 0.756250 0.079365 0.032813 0.038095
0 0.854688 0.785714 0.018750 0.069841
0 0.762500 0.707937 0.035937 0.038095
0 0.192969 0.179365 0.015625 0.066667
0 0.106250 0.106349 0.032813 0.041270
0 0.200000 0.793651 0.018750 0.066667
0 0.114062 0.719048 0.032813 0.038095
4 0.923438 0.096825 0.032813 0.082540
4 0.930469 0.731746 0.034375 0.085714
4 0.264844 0.125397 0.032813 0.082540
4 0.271094 0.739683 0.031250 0.076190
3 0.815625 0.077778 0.079687 0.076190
3 0.754687 0.226984 0.093750 0.215873
3 0.525000 0.544444 0.078125 0.209524
3 0.823438 0.714286 0.078125 0.082540
3 0.762500 0.853968 0.103125 0.219048
3 0.171875 0.722222 0.075000 0.076190
3 0.107813 0.865079 0.095313 0.212698
3 0.165625 0.107937 0.073438 0.085714
3 0.100000 0.250794 0.093750 0.209524
2 0.950781 0.495238 0.096875 0.120635
2 0.792969 0.453968 0.031250 0.120635
2 0.289844 0.509524 0.087500 0.111111
2 0.141406 0.468254 0.029687 0.117460