1 0.305063 0.076286 0.021172 0.073270
1 0.313828 0.146222 0.036062 0.042349
1 0.342453 0.097460 0.019859 0.076635
1 0.410781 0.147905 0.049297 0.053778
1 0.426984 0.078317 0.020844 0.073270
1 0.651312 0.079651 0.035406 0.042349
1 0.759344 0.192254 0.047641 0.053778
1 0.808641 0.195619 0.046984 0.047048
1 0.628984 0.566698 0.018531 0.072603
1 0.530062 0.519968 0.022500 0.105556
1 0.552391 0.567302 0.019516 0.095302
1 0.074984 0.165206 0.049359 0.044984
1 0.127656 0.167778 0.052203 0.050127
1 0.067859 0.814413 0.054734 0.051429
1 0.123859 0.815365 0.052203 0.052063
1 0.299109 0.719429 0.019516 0.071810
1 0.308156 0.788317 0.036375 0.043429
1 0.336625 0.736762 0.019313 0.078921
1 0.404547 0.783714 0.050344 0.049270
1 0.419344 0.712952 0.018297 0.075587
1 0.643344 0.705238 0.034734 0.040921
1 0.752984 0.812730 0.047266 0.049683
1 0.801891 0.812317 0.046859 0.051365
1 0.970391 0.107333 0.016594 0.066698
1 0.978781 0.174381 0.033016 0.038317
1 0.964250 0.722476 0.020625 0.073048
1 0.972219 0.787905 0.032828 0.039365
1 0.998719 0.740889 0.018594 0.067968
0 0.449281 0.152825 0.017797 0.070698
0 0.540500 0.080159 0.033328 0.038159
0 0.442406 0.786222 0.018531 0.069746
0 0.534734 0.708317 0.035297 0.037651
4 0.373547 0.096889 0.032281 0.081048
4 0.366656 0.732254 0.034094 0.084381
3 0.085328 0.537492 0.094812 0.219810
3 0.481172 0.077778 0.078937 0.076889
3 0.542172 0.227556 0.093953 0.216508
3 0.771891 0.543968 0.077766 0.210381
3 0.473203 0.714000 0.078172 0.082095
3 0.534250 0.854635 0.102672 0.219841
2 0.345922 0.494952 0.096453 0.119365
2 0.503734 0.453238 0.031984 0.119365