1 0.994531 0.193651 0.037500 0.047619
1 0.967969 0.141270 0.023438 0.079365
1 0.897656 0.182540 0.051562 0.060317
1 0.883594 0.109524 0.023438 0.076190
1 0.659375 0.079365 0.037500 0.047619
1 0.548438 0.177778 0.048438 0.060317
1 0.499219 0.173016 0.048438 0.053968
1 0.665625 0.569841 0.021875 0.076190
1 0.766406 0.538095 0.025000 0.107937
1 0.742188 0.579365 0.021875 0.098413
1 0.989062 0.768254 0.021875 0.076190
1 0.978125 0.836508 0.037500 0.050794
1 0.951562 0.779365 0.021875 0.082540
1 0.882031 0.817460 0.051562 0.057143
1 0.869531 0.744444 0.021875 0.079365
1 0.646875 0.704762 0.035937 0.047619
1 0.533594 0.796825 0.048438 0.057143
1 0.485156 0.790476 0.048438 0.057143
1 0.340625 0.063492 0.018750 0.069841
1 0.329688 0.128571 0.034375 0.041270
1 0.305469 0.076190 0.021875 0.073016
1 0.242188 0.115873 0.048438 0.053968
1 0.228906 0.046032 0.023438 0.076190
1 0.117969 0.463492 0.025000 0.101587
1 0.094531 0.509524 0.025000 0.098413
1 0.021875 0.493651 0.021875 0.073016
1 0.325781 0.676190 0.023438 0.076190
1 0.315625 0.741270 0.034375 0.041270
1 0.290625 0.690476 0.020313 0.069841
1 0.228125 0.728571 0.048438 0.053968
1 0.214844 0.660317 0.021875 0.076190
0 0.859375 0.180952 0.020313 0.073016
0 0.770312 0.095238 0.034375 0.041270
0 0.844531 0.814286 0.021875 0.073016
0 0.755469 0.723810 0.037500 0.044444
0 0.205469 0.115873 0.017188 0.069841
0 0.121094 0.030159 0.034375 0.044444
0 0.190625 0.730159 0.020313 0.069841
0 0.107813 0.642857 0.034375 0.041270
4 0.936719 0.136508 0.035937 0.085714
4 0.921875 0.771429 0.037500 0.088889
4 0.278906 0.071429 0.035937 0.085714
4 0.264062 0.685714 0.034375 0.079365
3 0.829688 0.103175 0.082812 0.085714
3 0.764062 0.242857 0.101562 0.228571
3 0.523438 0.526984 0.084375 0.219048
3 0.815625 0.738095 0.081250 0.092063
3 0.750000 0.869841 0.110937 0.231746
3 0.165625 0.653968 0.078125 0.085714
3 0.096875 0.787302 0.103125 0.225397
3 0.180469 0.042857 0.076563 0.085714
3 0.110156 0.173016 0.100000 0.222222
2 0.950000 0.538095 0.100000 0.133333
2 0.794531 0.474603 0.035937 0.123810
2 0.290625 0.458730 0.090625 0.123810
2 0.143750 0.396825 0.034375 0.120635