1 0.847352 0.074324 0.024922 0.047297
1 0.834891 0.123311 0.049844 0.027027
1 0.799065 0.087838 0.024922 0.050676
4 0.758567 0.086149 0.043614 0.054054
1 0.710280 0.121622 0.071651 0.030405
1 0.686916 0.072635 0.024922 0.050676
3 0.615265 0.072635 0.105919 0.057432
0 0.657321 0.126689 0.024922 0.047297
0 0.534268 0.069257 0.046729 0.027027
3 0.531153 0.179054 0.127726 0.148649
1 0.381620 0.067568 0.043614 0.023649
1 0.227414 0.148649 0.068536 0.033784
1 0.155763 0.148649 0.071651 0.030405
3 0.205607 0.417230 0.105919 0.148649
1 0.412773 0.434122 0.024922 0.047297
1 0.517134 0.435811 0.028037 0.067568
1 0.546729 0.396959 0.031153 0.070946
2 0.582555 0.347973 0.040498 0.077703
2 0.791277 0.373311 0.124611 0.081081
1 0.853583 0.540541 0.021807 0.050676
1 0.842679 0.591216 0.046729 0.027027
1 0.803738 0.554054 0.024922 0.047297
1 0.716511 0.589527 0.065421 0.030405
1 0.693146 0.538851 0.021807 0.043919
4 0.766355 0.552365 0.043614 0.054054
0 0.663551 0.592905 0.024922 0.047297
0 0.538941 0.537162 0.046729 0.023649
3 0.623053 0.538851 0.105919 0.057432
3 0.537383 0.646959 0.124611 0.152027
1 0.387850 0.537162 0.049844 0.027027
1 0.232087 0.619932 0.071651 0.030405
1 0.160436 0.621622 0.068536 0.033784
3 0.211838 0.888514 0.112150 0.155405
1 0.417445 0.903716 0.024922 0.050676
1 0.521807 0.902027 0.028037 0.057432
1 0.552960 0.866554 0.028037 0.064189
2 0.588785 0.814189 0.043614 0.081081
2 0.799065 0.841216 0.124611 0.081081