1 0.856115 0.970489 0.031175 0.037099
1 0.844125 0.932546 0.052758 0.021922
1 0.802158 0.958685 0.031175 0.038786
1 0.708633 0.932546 0.076739 0.026981
1 0.682254 0.968803 0.028777 0.038786
1 0.354916 0.967116 0.057554 0.025295
1 0.196643 0.907251 0.074341 0.028668
1 0.122302 0.907251 0.069544 0.026981
1 0.392086 0.710793 0.026379 0.037099
1 0.537170 0.736088 0.033573 0.048904
1 0.504796 0.704890 0.035971 0.052277
1 0.870504 0.635750 0.026379 0.037099
1 0.858513 0.600337 0.050360 0.021922
1 0.816547 0.625632 0.026379 0.037099
1 0.723022 0.601180 0.069544 0.025295
1 0.699041 0.636594 0.028777 0.038786
1 0.371703 0.637437 0.055156 0.021922
1 0.209832 0.580101 0.074341 0.025295
1 0.135492 0.578415 0.067146 0.026981
1 0.402878 0.384486 0.028777 0.038786
1 0.516787 0.380270 0.033573 0.050590
1 0.550360 0.408094 0.033573 0.053963
1 0.881295 0.309444 0.031175 0.037099
1 0.868106 0.274030 0.050360 0.021922
1 0.827338 0.301012 0.028777 0.037099
1 0.732614 0.274874 0.071942 0.025295
1 0.708633 0.310287 0.028777 0.037099
1 0.381295 0.311130 0.052758 0.020236
1 0.218225 0.253794 0.069544 0.025295
1 0.145084 0.252951 0.069544 0.025295
1 0.410072 0.055649 0.028777 0.033727
1 0.522782 0.053963 0.031175 0.047218
1 0.555156 0.080944 0.035971 0.050590
0 0.649880 0.929174 0.031175 0.038786
0 0.517986 0.968803 0.052758 0.021922
0 0.666667 0.598651 0.023981 0.037099
0 0.533573 0.636594 0.052758 0.021922
0 0.675060 0.272344 0.031175 0.035413
0 0.543165 0.311973 0.050360 0.020236
4 0.757794 0.959528 0.050360 0.043845
4 0.774580 0.627319 0.050360 0.042159
4 0.784173 0.301012 0.050360 0.042159
3 0.605516 0.967116 0.117506 0.043845
3 0.509592 0.890388 0.153477 0.111298
3 0.170264 0.720067 0.131894 0.112985
3 0.623501 0.637437 0.112710 0.045531
3 0.522782 0.559022 0.151079 0.111298
3 0.183453 0.392917 0.131894 0.111298
3 0.633094 0.310287 0.115108 0.042159
3 0.532374 0.233558 0.148681 0.109612
3 0.193046 0.069140 0.124700 0.109612
2 0.821343 0.095278 0.141487 0.059022
2 0.592326 0.114671 0.050360 0.059022
2 0.814149 0.423272 0.134293 0.062395
2 0.587530 0.443508 0.047962 0.062395
2 0.802158 0.752108 0.141487 0.062395
2 0.570743 0.770658 0.055156 0.062395