3 0.089080 0.205621 0.113027 0.147929
3 0.241379 0.406805 0.080460 0.162722
3 0.084291 0.732249 0.113027 0.162722
3 0.234674 0.921598 0.078544 0.156805
3 0.610153 0.079882 0.074713 0.059172
3 0.609195 0.137574 0.074713 0.056213
3 0.716475 0.213018 0.105364 0.142012
3 0.865900 0.409763 0.080460 0.162722
3 0.605364 0.585799 0.076628 0.059172
3 0.605364 0.644970 0.076628 0.059172
3 0.714559 0.724852 0.103448 0.153846
3 0.863027 0.914201 0.078544 0.168639
0 0.071839 0.078402 0.036398 0.035503
0 0.064176 0.402367 0.051724 0.035503
0 0.067050 0.602071 0.034483 0.029586
0 0.058429 0.931953 0.051724 0.041420
0 0.701149 0.093195 0.034483 0.029586
0 0.694444 0.405325 0.047893 0.032544
0 0.697318 0.597633 0.032567 0.026627
0 0.691571 0.917160 0.047893 0.035503
2 0.018199 0.286982 0.030651 0.091716
2 0.014368 0.813609 0.026820 0.091716
2 0.656130 0.292899 0.026820 0.082840
2 0.557471 0.346154 0.093870 0.088757
2 0.553640 0.863905 0.093870 0.094675
2 0.653257 0.797337 0.030651 0.085799
1 0.156130 0.081361 0.034483 0.032544
1 0.049808 0.344675 0.022989 0.076923
1 0.090038 0.323964 0.051724 0.032544
1 0.144636 0.431953 0.019157 0.059172
1 0.152299 0.599112 0.034483 0.035503
1 0.045977 0.869822 0.022989 0.079882
1 0.084291 0.847633 0.049808 0.041420
1 0.138889 0.957101 0.021073 0.059172
4 0.510536 0.127219 0.028736 0.059172
4 0.505747 0.630178 0.030651 0.059172
1 0.455939 0.045858 0.074713 0.065089
1 0.545977 0.060651 0.030651 0.026627
1 0.553640 0.137574 0.015326 0.050296
1 0.510536 0.178994 0.015326 0.047337
1 0.716475 0.326923 0.045977 0.032544
1 0.681034 0.349112 0.024904 0.079882
1 0.770115 0.431953 0.017241 0.050296
1 0.781609 0.093195 0.032567 0.029586
1 0.451149 0.553254 0.078544 0.068047
1 0.540230 0.566568 0.036398 0.029586
1 0.548851 0.643491 0.017241 0.047337
1 0.506705 0.686391 0.015326 0.050296
1 0.777778 0.597633 0.034483 0.032544
1 0.713602 0.837278 0.047893 0.032544
1 0.678161 0.857988 0.022989 0.076923
1 0.767241 0.945266 0.021073 0.053254