1 0.144293 0.029562 0.030576 0.037622
1 0.155516 0.067167 0.053933 0.022445
1 0.198010 0.041568 0.031007 0.038870
1 0.291942 0.067167 0.075971 0.026239
1 0.318010 0.031298 0.029209 0.039191
1 0.645468 0.032867 0.056643 0.024654
1 0.803237 0.092614 0.073717 0.028449
1 0.877626 0.093086 0.068777 0.027504
1 0.607482 0.289376 0.025612 0.036981
1 0.463429 0.264081 0.033261 0.049629
1 0.494652 0.295379 0.035516 0.052782
1 0.129952 0.364486 0.027458 0.036863
1 0.141487 0.399696 0.051031 0.022243
1 0.183789 0.374334 0.027458 0.037066
1 0.276715 0.398718 0.069616 0.024587
1 0.301247 0.363609 0.029400 0.038617
1 0.628034 0.362732 0.056043 0.022040
1 0.790456 0.419798 0.073501 0.024975
1 0.865084 0.421551 0.067962 0.027302
1 0.596595 0.615852 0.028585 0.038432
1 0.483165 0.619747 0.033933 0.050236
1 0.449400 0.592108 0.032878 0.054266
1 0.119065 0.690219 0.030456 0.036762
1 0.131535 0.725717 0.050600 0.021754
1 0.172422 0.699157 0.028297 0.036762
1 0.267146 0.724705 0.071463 0.025801
1 0.291007 0.689460 0.029976 0.037268
1 0.619065 0.688702 0.051559 0.020911
1 0.781894 0.746543 0.069784 0.025632
1 0.854676 0.746965 0.070504 0.024789
1 0.589448 0.944368 0.029904 0.033980
1 0.477458 0.946155 0.032302 0.047302
1 0.444748 0.918651 0.035228 0.051248
0 0.350072 0.070725 0.030384 0.038061
0 0.482350 0.031349 0.052974 0.021164
0 0.333501 0.401585 0.024916 0.036391
0 0.466475 0.363153 0.052302 0.022192
0 0.324508 0.727673 0.030168 0.035413
0 0.456643 0.688364 0.049808 0.020624
4 0.242086 0.040067 0.050600 0.044334
4 0.225444 0.372816 0.049257 0.042243
4 0.216235 0.699191 0.050336 0.041484
3 0.394748 0.032698 0.116763 0.044621
3 0.490456 0.109427 0.152326 0.110759
3 0.829424 0.279949 0.130815 0.113794
3 0.376954 0.362782 0.112518 0.044857
3 0.476787 0.440978 0.150911 0.110691
3 0.816691 0.606695 0.132590 0.111922
3 0.367290 0.689933 0.114964 0.042040
3 0.467146 0.766223 0.148585 0.108921
3 0.806835 0.931130 0.125012 0.108921
2 0.178825 0.905110 0.141487 0.059056
2 0.407770 0.885312 0.050264 0.058853
2 0.186211 0.576712 0.134940 0.061990
2 0.412302 0.556678 0.048585 0.062411
2 0.198321 0.248212 0.140959 0.063002
2 0.428873 0.229140 0.055348 0.061804