1 0.200240 0.575885 0.052758 0.018550
1 0.164269 0.473862 0.069544 0.023609
1 0.208633 0.496627 0.074341 0.025295
1 0.306954 0.239460 0.052758 0.018550
1 0.357314 0.247892 0.031175 0.035413
1 0.321343 0.277403 0.052758 0.018550
1 0.356115 0.343170 0.035971 0.048904
1 0.305755 0.360034 0.055156 0.020236
1 0.304556 0.590219 0.031175 0.038786
1 0.386091 0.704047 0.035971 0.052277
1 0.388489 0.756324 0.038369 0.047218
1 0.664269 0.568297 0.055156 0.020236
1 0.670264 0.488196 0.071942 0.023609
1 0.630695 0.464587 0.076739 0.023609
1 0.770983 0.231872 0.052758 0.021922
1 0.821343 0.241147 0.031175 0.035413
1 0.782974 0.269815 0.052758 0.020236
1 0.820144 0.336425 0.035971 0.050590
1 0.769784 0.353288 0.052758 0.020236
1 0.768585 0.583474 0.028777 0.037099
1 0.850120 0.698145 0.035971 0.048904
1 0.851319 0.749578 0.035971 0.048904
0 0.359712 0.382799 0.052758 0.016863
0 0.305755 0.476391 0.031175 0.037099
0 0.823741 0.376897 0.050360 0.021922
0 0.767386 0.469646 0.028777 0.035413
4 0.318945 0.306914 0.059952 0.035413
4 0.782974 0.300169 0.059952 0.035413
3 0.187050 0.731872 0.160671 0.092749
3 0.304556 0.413153 0.064748 0.079258
3 0.416067 0.483980 0.158273 0.106239
3 0.652278 0.722597 0.158273 0.092749
3 0.769784 0.406408 0.059952 0.080944
3 0.878897 0.477234 0.155875 0.104553
2 0.609113 0.279089 0.088729 0.094435
2 0.580336 0.438449 0.088729 0.033727
2 0.141487 0.287521 0.088729 0.099494
2 0.115108 0.450253 0.088729 0.038786