1 0.200240 0.424115 0.052758 0.018550
1 0.164269 0.526138 0.069544 0.023609
1 0.208633 0.503373 0.074341 0.025295
1 0.306954 0.760540 0.052758 0.018550
1 0.357314 0.752108 0.031175 0.035413
1 0.321343 0.722597 0.052758 0.018550
1 0.356115 0.656830 0.035971 0.048904
1 0.305755 0.639966 0.055156 0.020236
1 0.304556 0.409781 0.031175 0.038786
1 0.386091 0.295953 0.035971 0.052277
1 0.388489 0.243676 0.038369 0.047218
1 0.664269 0.431703 0.055156 0.020236
1 0.670264 0.511804 0.071942 0.023609
1 0.630695 0.535413 0.076739 0.023609
1 0.770983 0.768128 0.052758 0.021922
1 0.821343 0.758853 0.031175 0.035413
1 0.782974 0.730185 0.052758 0.020236
1 0.820144 0.663575 0.035971 0.050590
1 0.769784 0.646712 0.052758 0.020236
1 0.768585 0.416526 0.028777 0.037099
1 0.850120 0.301855 0.035971 0.048904
1 0.851319 0.250422 0.035971 0.048904
0 0.359712 0.617201 0.052758 0.016863
0 0.305755 0.523609 0.031175 0.037099
0 0.823741 0.623103 0.050360 0.021922
0 0.767386 0.530354 0.028777 0.035413
4 0.318945 0.693086 0.059952 0.035413
4 0.782974 0.699831 0.059952 0.035413
3 0.187050 0.268128 0.160671 0.092749
3 0.304556 0.586847 0.064748 0.079258
3 0.416067 0.516020 0.158273 0.106239
3 0.652278 0.277403 0.158273 0.092749
3 0.769784 0.593592 0.059952 0.080944
3 0.878897 0.522766 0.155875 0.104553
2 0.609113 0.720911 0.088729 0.094435
2 0.580336 0.561551 0.088729 0.033727
2 0.141487 0.712479 0.088729 0.099494
2 0.115108 0.549747 0.088729 0.038786