1 0.655875 0.981450 0.059952 0.037099
1 0.711031 0.980607 0.059952 0.038786
1 0.756595 0.919899 0.081535 0.055649
1 0.810552 0.934233 0.057554 0.042159
1 0.780576 0.606239 0.055156 0.040472
1 0.696643 0.693086 0.071942 0.052277
1 0.691847 0.654300 0.076739 0.055649
1 0.353717 0.774874 0.055156 0.040472
1 0.328537 0.743676 0.057554 0.040472
1 0.384892 0.741990 0.055156 0.040472
1 0.430456 0.680438 0.076739 0.052277
1 0.482014 0.694772 0.057554 0.042159
1 0.726619 0.542159 0.062350 0.042159
1 0.791367 0.423272 0.079137 0.053963
1 0.845324 0.387015 0.076739 0.052277
1 0.462830 0.368465 0.057554 0.042159
1 0.374101 0.419056 0.071942 0.053963
1 0.375300 0.455312 0.076739 0.055649
1 0.034772 0.537943 0.057554 0.042159
1 0.020384 0.504216 0.040767 0.040472
1 0.067146 0.505902 0.057554 0.040472
1 0.112710 0.441821 0.076739 0.052277
1 0.164269 0.456998 0.057554 0.040472
1 0.408873 0.303541 0.057554 0.040472
1 0.474820 0.184654 0.076739 0.052277
1 0.528777 0.149241 0.076739 0.052277
1 0.143885 0.127319 0.052758 0.038786
1 0.058753 0.179595 0.067146 0.050590
1 0.059952 0.214165 0.074341 0.053963
0 0.797362 0.889545 0.059952 0.043845
0 0.932854 0.856661 0.059952 0.040472
0 0.470024 0.651771 0.052758 0.038786
0 0.605516 0.617201 0.059952 0.040472
0 0.153477 0.413153 0.057554 0.040472
0 0.288969 0.380270 0.057554 0.038786
4 0.745803 0.962901 0.079137 0.055649
4 0.417266 0.723440 0.076739 0.055649
4 0.099520 0.485666 0.076739 0.055649
3 0.865707 0.897133 0.129496 0.087690
3 0.864508 0.794266 0.220624 0.155143
3 0.925659 0.508432 0.148681 0.146712
3 0.539568 0.660202 0.127098 0.087690
3 0.539568 0.554806 0.218225 0.153457
3 0.633094 0.271501 0.203837 0.145025
3 0.220624 0.421585 0.124700 0.086003
3 0.221823 0.317032 0.215827 0.151771
3 0.316547 0.052277 0.196643 0.104553
2 0.064748 0.257167 0.093525 0.067454
2 0.193046 0.591062 0.158273 0.109612
2 0.381295 0.499157 0.095923 0.069140
2 0.515588 0.829680 0.165468 0.112985
2 0.705036 0.734401 0.100719 0.072513