1 0.202638 0.419056 0.057554 0.038786
1 0.270983 0.325464 0.074341 0.050590
1 0.282974 0.363406 0.079137 0.053963
1 0.597122 0.214165 0.057554 0.038786
1 0.627098 0.243676 0.057554 0.040472
1 0.573141 0.249578 0.057554 0.038786
1 0.537170 0.315346 0.071942 0.053963
1 0.484412 0.304384 0.059952 0.040472
1 0.268585 0.478078 0.059952 0.043845
1 0.224221 0.601180 0.076739 0.055649
1 0.176259 0.641653 0.071942 0.053963
1 0.559952 0.627319 0.059952 0.040472
1 0.639089 0.569983 0.076739 0.050590
1 0.631894 0.533727 0.079137 0.053963
1 0.954436 0.422428 0.059952 0.040472
1 0.977218 0.451939 0.045564 0.040472
1 0.928058 0.456998 0.057554 0.038786
1 0.894484 0.524452 0.074341 0.053963
1 0.840528 0.513491 0.057554 0.038786
1 0.624700 0.687184 0.055156 0.040472
1 0.579137 0.811130 0.071942 0.053963
1 0.532374 0.850759 0.071942 0.053963
0 0.503597 0.346543 0.055156 0.037099
0 0.375300 0.392917 0.057554 0.042159
0 0.859712 0.556492 0.057554 0.040472
0 0.730216 0.600337 0.055156 0.040472
4 0.543165 0.270658 0.079137 0.053963
4 0.900480 0.479764 0.079137 0.053963
3 0.075540 0.530354 0.151079 0.143339
3 0.434053 0.344013 0.122302 0.089376
3 0.452038 0.449410 0.218225 0.153457
3 0.407674 0.738617 0.206235 0.143339
3 0.791367 0.553963 0.119904 0.089376
3 0.806954 0.657673 0.215827 0.150084
2 0.788969 0.383642 0.155875 0.112985
2 0.617506 0.490725 0.098321 0.065767
2 0.428058 0.174536 0.160671 0.116358
2 0.255396 0.284992 0.103118 0.070826