3 0.439655 0.899408 0.105364 0.124260
3 0.772989 0.909763 0.101533 0.121302
3 0.227969 0.329882 0.038314 0.115385
3 0.265326 0.331361 0.036398 0.115385
3 0.314176 0.165680 0.091954 0.162722
3 0.555556 0.337278 0.038314 0.118343
3 0.593870 0.337278 0.038314 0.118343
3 0.645594 0.168639 0.099617 0.159763
0 0.236590 0.189349 0.019157 0.053254
0 0.438697 0.199704 0.021073 0.073964
0 0.563218 0.195266 0.017241 0.050296
0 0.770115 0.204142 0.022989 0.073964
2 0.365900 0.258876 0.053640 0.041420
2 0.400383 0.411243 0.057471 0.144970
2 0.735632 0.417160 0.061303 0.144970
2 0.692529 0.263314 0.055556 0.047337
4 0.258621 0.483728 0.038314 0.044379
4 0.584291 0.491124 0.038314 0.047337
1 0.205939 0.568047 0.042146 0.115385
1 0.215517 0.428994 0.017241 0.047337
1 0.265326 0.417160 0.032567 0.023669
1 0.292146 0.483728 0.030651 0.023669
1 0.387931 0.167160 0.021073 0.071006
1 0.402299 0.220414 0.051724 0.038462
1 0.455939 0.082840 0.032567 0.026627
1 0.236590 0.065089 0.019157 0.050296
1 0.534483 0.575444 0.044061 0.121302
1 0.543103 0.437870 0.019157 0.056213
1 0.592912 0.424556 0.030651 0.026627
1 0.620690 0.489645 0.032567 0.023669
1 0.563218 0.071006 0.021073 0.053254
1 0.718391 0.170118 0.021073 0.073964
1 0.731801 0.224852 0.049808 0.035503
1 0.788314 0.087278 0.034483 0.032544