3 0.088889 0.205562 0.112356 0.149201
3 0.241054 0.407130 0.079943 0.161361
3 0.084693 0.732337 0.112337 0.163491
3 0.234674 0.921598 0.078544 0.156805
3 0.609962 0.080325 0.073946 0.057692
3 0.609579 0.138018 0.074330 0.055917
3 0.716858 0.213166 0.104598 0.142899
3 0.865517 0.410207 0.080077 0.161834
3 0.605843 0.585947 0.076054 0.060059
3 0.605747 0.645414 0.075862 0.058284
3 0.714272 0.724556 0.102874 0.154438
3 0.863314 0.913462 0.077969 0.168935
0 0.071379 0.078521 0.036456 0.034112
0 0.064330 0.402722 0.052126 0.036893
0 0.066628 0.602574 0.034157 0.030533
0 0.058161 0.931923 0.051609 0.041243
0 0.701552 0.092959 0.033851 0.031036
0 0.694291 0.405444 0.047816 0.031716
0 0.697701 0.597189 0.032184 0.025740
0 0.691571 0.917160 0.047510 0.036686
2 0.017739 0.286627 0.031513 0.092485
2 0.014080 0.813757 0.026992 0.092811
2 0.656322 0.292456 0.026054 0.081953
2 0.557375 0.345414 0.093295 0.089645
2 0.554023 0.864349 0.094253 0.094379
2 0.653161 0.797929 0.030460 0.085799
1 0.155920 0.081450 0.034847 0.031627
1 0.050268 0.345178 0.022720 0.076864
1 0.090249 0.323728 0.051475 0.033964
1 0.144617 0.431746 0.019080 0.059704
1 0.152107 0.599290 0.035038 0.036568
1 0.045670 0.870237 0.022720 0.080592
1 0.084080 0.847456 0.049770 0.041805
1 0.138927 0.957544 0.020785 0.058964
4 0.510517 0.126657 0.028659 0.059201
4 0.506169 0.630207 0.030900 0.059438
1 0.455958 0.045828 0.074406 0.064970
1 0.545498 0.060503 0.030460 0.026331
1 0.553736 0.137870 0.016284 0.049112
1 0.510441 0.179586 0.016284 0.046154
1 0.715996 0.327278 0.046475 0.033107
1 0.681398 0.349734 0.024406 0.079320
1 0.769904 0.432012 0.017625 0.051124
1 0.781973 0.093018 0.033142 0.029053
1 0.451609 0.553284 0.078544 0.066893
1 0.539808 0.567012 0.036149 0.029852
1 0.549004 0.643314 0.017759 0.047663
1 0.506456 0.686864 0.014962 0.049083
1 0.777931 0.597811 0.034904 0.032722
1 0.714042 0.836568 0.047375 0.033698
1 0.678506 0.858698 0.022433 0.077012
1 0.767490 0.945089 0.020249 0.054379