1 0.977344 0.387897 0.057813 0.031746
1 0.838281 0.468254 0.040625 0.025794
1 0.567969 0.455357 0.021875 0.051587
1 0.550781 0.402778 0.057813 0.033730
1 0.471875 0.436508 0.021875 0.051587
1 0.438281 0.397817 0.040625 0.029762
1 0.428125 0.450397 0.023438 0.053571
1 0.700000 0.122024 0.026562 0.073413
1 0.728125 0.081349 0.026562 0.075397
1 0.821875 0.090278 0.023438 0.053571
1 0.222656 0.375000 0.059375 0.031746
1 0.160938 0.374008 0.057813 0.035714
1 0.024219 0.454365 0.042188 0.031746
1 0.967969 0.862103 0.056250 0.035714
1 0.832031 0.939484 0.040625 0.027778
1 0.566406 0.927579 0.020313 0.053571
1 0.548438 0.876984 0.057813 0.031746
1 0.469531 0.909722 0.021875 0.053571
1 0.436719 0.872024 0.040625 0.027778
1 0.425781 0.921627 0.023438 0.051587
1 0.696094 0.604167 0.025000 0.071429
1 0.724219 0.570437 0.026562 0.055556
1 0.815625 0.572421 0.021875 0.051587
1 0.223438 0.851190 0.057813 0.035714
1 0.162500 0.850198 0.057813 0.033730
1 0.025781 0.930556 0.040625 0.029762
1 0.007812 0.557540 0.015625 0.051587
4 0.506250 0.438492 0.042188 0.057540
4 0.504687 0.913690 0.042188 0.059524
2 0.666406 0.174603 0.039062 0.087302
2 0.478906 0.142857 0.118750 0.089286
2 0.664062 0.654762 0.037500 0.087302
2 0.477344 0.626984 0.115625 0.087302
0 0.706250 0.462302 0.042188 0.027778
0 0.700781 0.934524 0.040625 0.029762
0 0.593750 0.874008 0.020313 0.049603
0 0.597656 0.400794 0.021875 0.049603
3 0.709375 0.349206 0.110937 0.154762
3 0.632031 0.457341 0.095312 0.059524
3 0.174219 0.098214 0.096875 0.164683
3 0.179688 0.580357 0.096875 0.158730
3 0.628125 0.932540 0.092188 0.061508
3 0.704688 0.824405 0.109375 0.154762
3 0.993750 0.594246 0.090625 0.156746