1 0.806236 0.305556 0.042316 0.055556
1 0.769488 0.258929 0.089087 0.045635
1 0.663697 0.311508 0.040089 0.053571
1 0.611359 0.282738 0.062361 0.037698
1 0.605791 0.337302 0.044543 0.057540
1 0.304009 0.316468 0.086860 0.045635
1 0.219376 0.330357 0.089087 0.045635
1 0.044543 0.445437 0.062361 0.035714
1 0.864143 0.729167 0.089087 0.047619
1 0.902004 0.772817 0.042316 0.055556
1 0.760579 0.779762 0.044543 0.057540
1 0.707127 0.750000 0.066815 0.039683
1 0.701559 0.804563 0.044543 0.061508
1 0.403118 0.782738 0.089087 0.047619
1 0.317372 0.796627 0.086860 0.049603
1 0.145880 0.908730 0.062361 0.037698
1 0.036748 0.553571 0.042316 0.055556
4 0.713808 0.304563 0.073497 0.067460
4 0.809577 0.774802 0.069042 0.067460
2 0.618040 0.037698 0.180401 0.075397
2 0.713808 0.498016 0.178174 0.115079
2 0.972160 0.477183 0.055679 0.093254
3 0.895323 0.289683 0.151448 0.083333
0 0.835189 0.243056 0.042316 0.057540
0 0.929844 0.714286 0.042316 0.055556
3 0.191537 0.072421 0.169265 0.144841
3 0.290646 0.527778 0.162584 0.176587