1 0.953906 0.330357 0.062500 0.045635
1 0.831250 0.445437 0.043750 0.035714
1 0.564844 0.504960 0.029687 0.055556
1 0.539062 0.457341 0.062500 0.047619
1 0.467187 0.511905 0.029687 0.055556
1 0.428125 0.482143 0.045312 0.039683
1 0.427344 0.536706 0.031250 0.059524
1 0.639062 0.143849 0.037500 0.079365
1 0.660156 0.096230 0.039062 0.081349
1 0.753125 0.080357 0.031250 0.059524
1 0.214062 0.516865 0.062500 0.047619
1 0.153125 0.532738 0.062500 0.049603
1 0.032813 0.646825 0.046875 0.041667
1 0.902344 0.908730 0.043750 0.037698
1 0.640625 0.967262 0.028125 0.057540
1 0.614844 0.922619 0.062500 0.045635
1 0.542969 0.973214 0.029687 0.053571
1 0.504687 0.946429 0.043750 0.037698
1 0.501563 0.984127 0.031250 0.031746
1 0.714063 0.616071 0.035937 0.077381
1 0.736719 0.576389 0.034375 0.061508
1 0.825781 0.553571 0.029687 0.055556
1 0.292187 0.979167 0.062500 0.041667
1 0.232813 0.987103 0.062500 0.025794
1 0.033594 0.751984 0.023438 0.055556
4 0.501563 0.503968 0.050000 0.067460
4 0.577344 0.967262 0.051562 0.065476
2 0.614844 0.204365 0.053125 0.095238
2 0.426563 0.222222 0.131250 0.119048
2 0.691406 0.674603 0.051562 0.095238
2 0.503906 0.696429 0.128125 0.115079
0 0.700781 0.475198 0.045312 0.037698
0 0.772656 0.938492 0.045312 0.039683
0 0.658594 0.907738 0.028125 0.053571
0 0.584375 0.443452 0.029687 0.053571
3 0.934375 0.072421 0.118750 0.144841
3 0.685937 0.363095 0.134375 0.180556
3 0.627344 0.490079 0.103125 0.083333
3 0.121094 0.258929 0.121875 0.186508
3 0.205469 0.729167 0.120313 0.180556
3 0.701562 0.955357 0.100000 0.085317
3 0.758594 0.829365 0.132812 0.180556