1 0.674219 0.131944 0.026562 0.073413
1 0.670312 0.208333 0.026562 0.075397
1 0.728906 0.387897 0.021875 0.051587
1 0.709375 0.730159 0.040625 0.029762
1 0.667188 0.750000 0.028125 0.075397
1 0.691406 0.852183 0.040625 0.029762
1 0.659375 0.892857 0.025000 0.053571
1 0.700781 0.907738 0.043750 0.031746
1 0.451562 0.551587 0.059375 0.035714
1 0.420312 0.513889 0.060937 0.035714
1 0.430469 0.395833 0.043750 0.031746
1 0.830469 0.573413 0.057813 0.033730
1 0.805469 0.535714 0.045312 0.035714
1 0.810156 0.420635 0.040625 0.029762
4 0.693750 0.808532 0.046875 0.055556
2 0.491406 0.595238 0.070312 0.053571
2 0.460156 0.832341 0.075000 0.154762
2 0.869531 0.615079 0.070312 0.051587
2 0.842187 0.851190 0.073438 0.148810
0 0.719531 0.555556 0.023438 0.053571
0 0.667188 0.690476 0.039062 0.029762
3 0.453906 0.165675 0.131250 0.125000
3 0.630469 0.547619 0.125000 0.146825
3 0.713281 0.648810 0.050000 0.123016
3 0.833594 0.195437 0.126562 0.121032