1 0.351893 0.159722 0.037862 0.077381
1 0.346325 0.237103 0.042316 0.073413
1 0.426503 0.412698 0.033408 0.051587
1 0.400891 0.749008 0.060134 0.027778
1 0.342984 0.769841 0.037862 0.075397
1 0.375278 0.871032 0.060134 0.029762
1 0.331849 0.911706 0.033408 0.051587
1 0.386414 0.927579 0.060134 0.031746
1 0.043430 0.573413 0.082405 0.033730
1 0.007795 0.535714 0.064588 0.035714
1 0.014477 0.420635 0.057906 0.029762
4 0.381960 0.826389 0.069042 0.055556
2 0.099109 0.615079 0.100223 0.051587
2 0.060134 0.851190 0.104677 0.148810
0 0.414254 0.578373 0.035635 0.053571
0 0.341871 0.712302 0.055679 0.027778
3 0.408686 0.670635 0.073497 0.119048
3 0.291759 0.569444 0.178174 0.144841
3 0.047884 0.195437 0.180401 0.121032