1 0.837500 0.864087 0.025000 0.071429
1 0.839063 0.787698 0.025000 0.073413
1 0.775781 0.611111 0.020313 0.051587
1 0.785937 0.267857 0.040625 0.027778
1 0.827344 0.246032 0.026562 0.073413
1 0.800781 0.145833 0.040625 0.027778
1 0.831250 0.103175 0.023438 0.051587
1 0.789844 0.090278 0.042188 0.029762
1 0.464062 0.853175 0.025000 0.075397
1 0.465625 0.775794 0.028125 0.071429
1 0.404687 0.603175 0.021875 0.051587
1 0.414062 0.265873 0.042188 0.025794
1 0.453906 0.243056 0.025000 0.073413
1 0.428125 0.142857 0.042188 0.027778
1 0.457813 0.101190 0.021875 0.051587
1 0.418750 0.087302 0.040625 0.029762
1 0.668750 0.430556 0.056250 0.031746
1 0.695312 0.466270 0.043750 0.033730
1 0.693750 0.582341 0.040625 0.027778
4 0.799219 0.189484 0.045312 0.053571
4 0.425000 0.187500 0.046875 0.053571
2 0.628906 0.389881 0.068750 0.047619
2 0.650000 0.152778 0.068750 0.146825
0 0.780469 0.443452 0.021875 0.053571
0 0.408594 0.436508 0.023438 0.051587
0 0.456250 0.300595 0.039062 0.025794
0 0.828906 0.305556 0.039062 0.027778
3 0.869531 0.447421 0.121875 0.140873
3 0.784375 0.349206 0.046875 0.121032
3 0.410156 0.344246 0.048438 0.117063
3 0.495312 0.441468 0.121875 0.138889
3 0.676562 0.808532 0.123438 0.115079