1 0.837500 0.135913 0.025000 0.071429
1 0.839063 0.212302 0.025000 0.073413
1 0.775781 0.388889 0.020313 0.051587
1 0.785937 0.732143 0.040625 0.027778
1 0.827344 0.753968 0.026562 0.073413
1 0.800781 0.854167 0.040625 0.027778
1 0.831250 0.896825 0.023438 0.051587
1 0.789844 0.909722 0.042188 0.029762
1 0.464062 0.146825 0.025000 0.075397
1 0.465625 0.224206 0.028125 0.071429
1 0.404687 0.396825 0.021875 0.051587
1 0.414062 0.734127 0.042188 0.025794
1 0.453906 0.756944 0.025000 0.073413
1 0.428125 0.857143 0.042188 0.027778
1 0.457813 0.898810 0.021875 0.051587
1 0.418750 0.912698 0.040625 0.029762
1 0.668750 0.569444 0.056250 0.031746
1 0.695312 0.533730 0.043750 0.033730
1 0.693750 0.417659 0.040625 0.027778
4 0.799219 0.810516 0.045312 0.053571
4 0.425000 0.812500 0.046875 0.053571
2 0.628906 0.610119 0.068750 0.047619
2 0.650000 0.847222 0.068750 0.146825
0 0.780469 0.556548 0.021875 0.053571
0 0.408594 0.563492 0.023438 0.051587
0 0.456250 0.699405 0.039062 0.025794
0 0.828906 0.694444 0.039062 0.027778
3 0.869531 0.552579 0.121875 0.140873
3 0.784375 0.650794 0.046875 0.121032
3 0.410156 0.655754 0.048438 0.117063
3 0.495312 0.558532 0.121875 0.138889
3 0.676562 0.191468 0.123438 0.115079