1 0.832962 0.472222 0.031180 0.051587
1 0.807350 0.419643 0.084633 0.029762
1 0.691537 0.451389 0.028953 0.049603
1 0.646993 0.413690 0.057906 0.027778
1 0.629176 0.466270 0.033408 0.051587
1 0.338530 0.389881 0.080178 0.031746
1 0.252784 0.387897 0.082405 0.031746
1 0.054566 0.468254 0.057906 0.025794
1 0.031180 0.090278 0.033408 0.053571
1 0.790646 0.896825 0.084633 0.031746
1 0.817372 0.947421 0.031180 0.051587
1 0.677060 0.927579 0.033408 0.051587
1 0.631403 0.888889 0.060134 0.029762
1 0.613586 0.940476 0.033408 0.055556
1 0.326281 0.864087 0.084633 0.031746
1 0.239421 0.862103 0.080178 0.035714
1 0.045657 0.939484 0.057906 0.027778
1 0.022272 0.572421 0.031180 0.051587
4 0.741648 0.454365 0.062361 0.057540
4 0.726058 0.931548 0.057906 0.057540
2 0.714922 0.156746 0.164811 0.085317
2 0.697105 0.642857 0.160356 0.087302
2 0.965479 0.673611 0.057906 0.085317
3 0.923163 0.473214 0.140312 0.059524
0 0.875278 0.416667 0.031180 0.053571
0 0.857461 0.894841 0.031180 0.051587
3 0.290646 0.111111 0.133630 0.162698
3 0.276169 0.594246 0.129176 0.156746