1 0.449089 0.091581 0.031487 0.063347
1 0.484317 0.124333 0.035995 0.059487
1 0.597026 0.123039 0.031487 0.047495
1 0.113453 0.211211 0.030983 0.046653
1 0.125204 0.255277 0.051487 0.026099
1 0.167698 0.224908 0.026499 0.048357
1 0.263645 0.254867 0.073477 0.032094
1 0.288393 0.209713 0.030983 0.047926
1 0.618034 0.212710 0.054484 0.027392
1 0.780456 0.281602 0.073477 0.032526
1 0.856427 0.282669 0.072470 0.032957
1 0.583789 0.521478 0.025995 0.045791
1 0.470072 0.524476 0.032494 0.061191
1 0.438849 0.490246 0.032998 0.065483
1 0.102974 0.613491 0.028993 0.047495
1 0.115707 0.657146 0.055468 0.026961
1 0.157698 0.625277 0.028489 0.050493
1 0.254412 0.656078 0.072974 0.033388
1 0.278153 0.610924 0.031487 0.046653
1 0.607266 0.609014 0.053981 0.024825
1 0.772206 0.678973 0.070983 0.033819
1 0.846691 0.681335 0.072974 0.033388
1 0.577026 0.922505 0.029496 0.044928
1 0.464341 0.928275 0.036978 0.064189
1 0.429089 0.892320 0.037482 0.063347
4 0.210839 0.220801 0.049281 0.054559
4 0.201487 0.624004 0.053189 0.054292
0 0.321990 0.259343 0.027698 0.046366
0 0.455899 0.211355 0.051223 0.026591
0 0.312398 0.659261 0.023717 0.043655
0 0.445492 0.610616 0.053453 0.025154
2 0.180911 0.065626 0.145396 0.075277
2 0.410863 0.045359 0.051847 0.074312
2 0.173022 0.474374 0.139760 0.075277
2 0.400432 0.447125 0.051295 0.074805
2 0.161751 0.880472 0.142014 0.077700
2 0.388609 0.849836 0.050168 0.074312
3 0.818249 0.108460 0.125683 0.137331
3 0.366211 0.213039 0.117626 0.054045
3 0.461079 0.306776 0.139952 0.137864
3 0.806043 0.508768 0.123213 0.135277
3 0.355683 0.611520 0.114628 0.052567
3 0.451439 0.703614 0.144676 0.141889
3 0.796811 0.908378 0.118489 0.133080