1 0.550360 0.908624 0.031175 0.063655
1 0.515588 0.875770 0.035971 0.059548
1 0.402878 0.876797 0.031175 0.047228
1 0.886091 0.788501 0.031175 0.047228
1 0.875300 0.744353 0.050360 0.026694
1 0.832134 0.775154 0.026379 0.049281
1 0.736211 0.745380 0.074341 0.032854
1 0.711031 0.790554 0.031175 0.047228
1 0.382494 0.787474 0.055156 0.026694
1 0.219424 0.718686 0.074341 0.032854
1 0.143885 0.717659 0.071942 0.032854
1 0.416067 0.478439 0.026379 0.045175
1 0.529976 0.475359 0.033573 0.061602
1 0.561151 0.509240 0.033573 0.065708
1 0.896882 0.386037 0.028777 0.047228
1 0.884892 0.342916 0.055156 0.026694
1 0.841727 0.374743 0.028777 0.051335
1 0.745803 0.343943 0.071942 0.032854
1 0.721823 0.389117 0.031175 0.047228
1 0.393285 0.391170 0.055156 0.024641
1 0.227818 0.321355 0.071942 0.032854
1 0.153477 0.318275 0.071942 0.032854
1 0.423261 0.077002 0.028777 0.045175
1 0.535971 0.071869 0.035971 0.063655
1 0.570743 0.107803 0.038369 0.063655
4 0.788969 0.779261 0.050360 0.055441
4 0.798561 0.375770 0.052758 0.053388
0 0.677458 0.740246 0.028777 0.047228
0 0.544365 0.788501 0.050360 0.026694
0 0.687050 0.340862 0.023981 0.043121
0 0.553957 0.389117 0.052758 0.024641
2 0.818945 0.934292 0.146283 0.075975
2 0.588729 0.954825 0.052758 0.073922
2 0.827338 0.525667 0.139089 0.075975
2 0.599520 0.552361 0.050360 0.073922
2 0.838129 0.119097 0.141487 0.078029
2 0.611511 0.149897 0.050360 0.073922
3 0.182254 0.891170 0.124700 0.137577
3 0.634293 0.786448 0.117506 0.053388
3 0.538369 0.693018 0.139089 0.137577
3 0.194245 0.490760 0.122302 0.135524
3 0.643885 0.388090 0.115108 0.053388
3 0.549161 0.296715 0.143885 0.141684
3 0.202638 0.091376 0.117506 0.133470