1 0.449640 0.091376 0.031175 0.063655
1 0.484412 0.124230 0.035971 0.059548
1 0.597122 0.123203 0.031175 0.047228
1 0.113909 0.211499 0.031175 0.047228
1 0.124700 0.255647 0.050360 0.026694
1 0.167866 0.224846 0.026379 0.049281
1 0.263789 0.254620 0.074341 0.032854
1 0.288969 0.209446 0.031175 0.047228
1 0.617506 0.212526 0.055156 0.026694
1 0.780576 0.281314 0.074341 0.032854
1 0.856115 0.282341 0.071942 0.032854
1 0.583933 0.521561 0.026379 0.045175
1 0.470024 0.524641 0.033573 0.061602
1 0.438849 0.490760 0.033573 0.065708
1 0.103118 0.613963 0.028777 0.047228
1 0.115108 0.657084 0.055156 0.026694
1 0.158273 0.625257 0.028777 0.051335
1 0.254197 0.656057 0.071942 0.032854
1 0.278177 0.610883 0.031175 0.047228
1 0.606715 0.608830 0.055156 0.024641
1 0.772182 0.678645 0.071942 0.032854
1 0.846523 0.681725 0.071942 0.032854
1 0.576739 0.922998 0.028777 0.045175
1 0.464029 0.928131 0.035971 0.063655
1 0.429257 0.892197 0.038369 0.063655
4 0.211031 0.220739 0.050360 0.055441
4 0.201439 0.624230 0.052758 0.053388
0 0.322542 0.259754 0.028777 0.047228
0 0.455635 0.211499 0.050360 0.026694
0 0.312950 0.659138 0.023981 0.043121
0 0.446043 0.610883 0.052758 0.024641
2 0.181055 0.065708 0.146283 0.075975
2 0.411271 0.045175 0.052758 0.073922
2 0.172662 0.474333 0.139089 0.075975
2 0.400480 0.447639 0.050360 0.073922
2 0.161871 0.880903 0.141487 0.078029
2 0.388489 0.850103 0.050360 0.073922
3 0.817746 0.108830 0.124700 0.137577
3 0.365707 0.213552 0.117506 0.053388
3 0.461631 0.306982 0.139089 0.137577
3 0.805755 0.509240 0.122302 0.135524
3 0.356115 0.611910 0.115108 0.053388
3 0.450839 0.703285 0.143885 0.141684
3 0.797362 0.908624 0.117506 0.133470