1 0.449640 0.908624 0.031175 0.063655
1 0.484412 0.875770 0.035971 0.059548
1 0.597122 0.876797 0.031175 0.047228
1 0.113909 0.788501 0.031175 0.047228
1 0.124700 0.744353 0.050360 0.026694
1 0.167866 0.775154 0.026379 0.049281
1 0.263789 0.745380 0.074341 0.032854
1 0.288969 0.790554 0.031175 0.047228
1 0.617506 0.787474 0.055156 0.026694
1 0.780576 0.718686 0.074341 0.032854
1 0.856115 0.717659 0.071942 0.032854
1 0.583933 0.478439 0.026379 0.045175
1 0.470024 0.475359 0.033573 0.061602
1 0.438849 0.509240 0.033573 0.065708
1 0.103118 0.386037 0.028777 0.047228
1 0.115108 0.342916 0.055156 0.026694
1 0.158273 0.374743 0.028777 0.051335
1 0.254197 0.343943 0.071942 0.032854
1 0.278177 0.389117 0.031175 0.047228
1 0.606715 0.391170 0.055156 0.024641
1 0.772182 0.321355 0.071942 0.032854
1 0.846523 0.318275 0.071942 0.032854
1 0.576739 0.077002 0.028777 0.045175
1 0.464029 0.071869 0.035971 0.063655
1 0.429257 0.107803 0.038369 0.063655
4 0.211031 0.779261 0.050360 0.055441
4 0.201439 0.375770 0.052758 0.053388
0 0.322542 0.740246 0.028777 0.047228
0 0.455635 0.788501 0.050360 0.026694
0 0.312950 0.340862 0.023981 0.043121
0 0.446043 0.389117 0.052758 0.024641
2 0.181055 0.934292 0.146283 0.075975
2 0.411271 0.954825 0.052758 0.073922
2 0.172662 0.525667 0.139089 0.075975
2 0.400480 0.552361 0.050360 0.073922
2 0.161871 0.119097 0.141487 0.078029
2 0.388489 0.149897 0.050360 0.073922
3 0.817746 0.891170 0.124700 0.137577
3 0.365707 0.786448 0.117506 0.053388
3 0.461631 0.693018 0.139089 0.137577
3 0.805755 0.490760 0.122302 0.135524
3 0.356115 0.388090 0.115108 0.053388
3 0.450839 0.296715 0.143885 0.141684
3 0.797362 0.091376 0.117506 0.133470