4 0.901563 0.778098 0.065625 0.048991
4 0.357812 0.782421 0.062500 0.046110
3 0.948438 0.623919 0.068750 0.115274
3 0.882812 0.623919 0.068750 0.118156
3 0.800000 0.458213 0.156250 0.155620
3 0.584375 0.234870 0.175000 0.118156
3 0.404687 0.628242 0.062500 0.115274
3 0.343750 0.628242 0.059375 0.115274
3 0.265625 0.463977 0.150000 0.158501
3 0.068750 0.240634 0.137500 0.112392
1 0.976562 0.863112 0.046875 0.118156
1 0.840625 0.776657 0.053125 0.031700
1 0.970313 0.727666 0.031250 0.048991
1 0.887500 0.710375 0.059375 0.028818
1 0.926562 0.364553 0.031250 0.046110
1 0.653125 0.514409 0.081250 0.034582
1 0.673438 0.458213 0.040625 0.072046
1 0.562500 0.377522 0.062500 0.028818
1 0.440625 0.865994 0.068750 0.118156
1 0.423438 0.730548 0.037500 0.054755
1 0.342187 0.717579 0.062500 0.025937
1 0.296875 0.782421 0.053125 0.028818
1 0.390625 0.367435 0.034375 0.051873
1 0.120313 0.517291 0.078125 0.037464
1 0.140625 0.461095 0.040625 0.069164
1 0.029687 0.386167 0.059375 0.028818
0 0.928125 0.481268 0.031250 0.048991
0 0.592187 0.492795 0.040625 0.074928
0 0.392188 0.487032 0.034375 0.048991
0 0.060937 0.498559 0.037500 0.074928
2 0.657813 0.704611 0.093750 0.144092
2 0.712500 0.556196 0.090625 0.040346
2 0.118750 0.707493 0.093750 0.144092
2 0.178125 0.561960 0.087500 0.043228