1 0.029976 0.543121 0.059952 0.026694
1 0.061151 0.513347 0.069544 0.030801
1 0.059952 0.416838 0.055156 0.026694
1 0.163070 0.830595 0.055156 0.026694
1 0.214628 0.821355 0.031175 0.043121
1 0.178657 0.784394 0.057554 0.022587
1 0.213429 0.702259 0.038369 0.063655
1 0.160671 0.680698 0.055156 0.026694
1 0.164269 0.399384 0.031175 0.047228
1 0.244604 0.259754 0.038369 0.063655
1 0.245803 0.195072 0.038369 0.061602
1 0.525180 0.428131 0.052758 0.022587
1 0.528777 0.525667 0.071942 0.028747
1 0.489209 0.552361 0.076739 0.028747
1 0.633094 0.839836 0.055156 0.024641
1 0.683453 0.829569 0.031175 0.047228
1 0.646283 0.792608 0.059952 0.024641
1 0.682254 0.710472 0.038369 0.061602
1 0.629496 0.689938 0.055156 0.026694
1 0.627098 0.408624 0.028777 0.047228
1 0.708633 0.266940 0.038369 0.061602
1 0.712230 0.203285 0.038369 0.061602
1 0.983213 0.433265 0.033573 0.024641
1 0.980815 0.530801 0.038369 0.030801
1 0.958034 0.560575 0.074341 0.032854
4 0.173861 0.747433 0.064748 0.043121
4 0.645084 0.755647 0.062350 0.045175
0 0.219424 0.651951 0.055156 0.024641
0 0.163070 0.537988 0.031175 0.043121
0 0.685851 0.660164 0.050360 0.020534
0 0.629496 0.546201 0.028777 0.045175
2 0.017986 0.773101 0.035971 0.125257
2 0.470024 0.780287 0.088729 0.119097
2 0.438849 0.585216 0.086331 0.043121
2 0.944844 0.789528 0.091127 0.121150
2 0.908873 0.595483 0.086331 0.043121
3 0.061151 0.227926 0.122302 0.106776
3 0.165468 0.614990 0.062350 0.100616
3 0.274580 0.532854 0.160671 0.119097
3 0.510791 0.238193 0.158273 0.104723
3 0.630695 0.623203 0.062350 0.098563
3 0.737410 0.542094 0.165468 0.123203
3 0.949640 0.245380 0.100719 0.100616