1 0.312950 0.122177 0.062350 0.067762
1 0.300959 0.165298 0.064748 0.067762
1 0.201439 0.210472 0.055156 0.053388
1 0.673861 0.087269 0.055156 0.053388
1 0.689448 0.130390 0.059952 0.045175
1 0.634293 0.121150 0.050360 0.053388
1 0.567146 0.186858 0.083933 0.059548
1 0.520384 0.158111 0.055156 0.053388
1 0.235012 0.297741 0.062350 0.047228
1 0.130695 0.425051 0.083933 0.059548
1 0.064748 0.457906 0.081535 0.059548
1 0.438849 0.553388 0.047962 0.051335
1 0.540767 0.509240 0.064748 0.067762
1 0.547962 0.466119 0.067146 0.071869
1 0.911271 0.435318 0.052758 0.053388
1 0.925659 0.477413 0.062350 0.047228
1 0.869305 0.468172 0.055156 0.057495
1 0.803357 0.534908 0.081535 0.059548
1 0.756595 0.505133 0.055156 0.053388
1 0.468825 0.639630 0.062350 0.045175
1 0.363309 0.768994 0.081535 0.059548
1 0.299760 0.802875 0.081535 0.059548
1 0.672662 0.901437 0.050360 0.051335
1 0.773381 0.859343 0.067146 0.069815
1 0.784173 0.814168 0.069544 0.071869
4 0.594724 0.135524 0.074341 0.069815
4 0.830935 0.484600 0.076739 0.067762
0 0.519185 0.216632 0.052758 0.053388
0 0.375300 0.228953 0.059952 0.045175
0 0.754197 0.561602 0.045564 0.047228
0 0.610312 0.574949 0.059952 0.043121
2 0.533573 0.025667 0.170264 0.051335
2 0.320144 0.065708 0.088729 0.086242
2 0.772182 0.341889 0.165468 0.123203
2 0.557554 0.412731 0.086331 0.086242
2 0.964029 0.691992 0.071942 0.127310
2 0.796163 0.759754 0.086331 0.086242
3 0.046763 0.289528 0.093525 0.172485
3 0.455635 0.194045 0.131894 0.094456
3 0.424460 0.315195 0.199041 0.178645
3 0.237410 0.634497 0.184652 0.168378
3 0.689448 0.537988 0.131894 0.094456
3 0.658273 0.657084 0.206235 0.182752
3 0.470024 0.948665 0.177458 0.102669