4 0.198656 0.130173 0.054031 0.059452
4 0.194219 0.630663 0.049688 0.058530
3 0.365781 0.086571 0.124844 0.064265
3 0.366281 0.147464 0.126781 0.062017
3 0.544813 0.223545 0.169344 0.145447
3 0.786969 0.422334 0.127250 0.160173
3 0.360469 0.587406 0.124844 0.058444
3 0.360469 0.644755 0.123875 0.055331
3 0.539719 0.716138 0.172719 0.139222
3 0.779219 0.911124 0.123375 0.155274
1 0.105656 0.049193 0.127281 0.062680
1 0.199375 0.185187 0.032969 0.048991
1 0.253344 0.066859 0.054375 0.029625
1 0.271687 0.142824 0.031719 0.053948
1 0.647563 0.106571 0.050250 0.028501
1 0.484844 0.358242 0.036250 0.073689
1 0.544781 0.339424 0.079500 0.036859
1 0.633344 0.441816 0.032531 0.056225
1 0.102937 0.554150 0.128094 0.062853
1 0.250469 0.569971 0.058094 0.033746
1 0.263969 0.645706 0.029281 0.056945
1 0.193281 0.686830 0.030656 0.048934
1 0.644156 0.601412 0.055813 0.031643
1 0.480813 0.849914 0.041188 0.072133
1 0.541656 0.830692 0.075938 0.036282
1 0.623094 0.934496 0.032031 0.056542
0 0.520000 0.105014 0.052969 0.029654
0 0.508000 0.415447 0.081500 0.036744
0 0.513437 0.600000 0.053438 0.030893
0 0.501437 0.905187 0.081937 0.035908
2 0.278625 0.353977 0.155531 0.086801
2 0.438312 0.303545 0.045312 0.084784
2 0.274531 0.851354 0.156656 0.087464
2 0.432688 0.796657 0.048375 0.080029