1 0.919056 0.734007 0.038786 0.107744
1 0.892074 0.643098 0.059022 0.077441
1 0.863406 0.734007 0.037099 0.111111
1 0.762226 0.703704 0.072513 0.090909
1 0.748735 0.816498 0.038786 0.114478
4 0.820405 0.752525 0.062395 0.138047
0 0.706577 0.722222 0.035413 0.111111
3 0.673693 0.846801 0.126476 0.171717
3 0.563238 0.671717 0.173693 0.370370
0 0.585160 0.892256 0.055649 0.074074
1 0.424958 0.964646 0.057336 0.070707
1 0.245363 0.877104 0.075885 0.097643
1 0.172007 0.909091 0.072513 0.090909
3 0.167791 0.346801 0.151771 0.363636
1 0.378583 0.218855 0.032040 0.097643
1 0.486509 0.158249 0.038786 0.114478
1 0.526981 0.228956 0.038786 0.134680
2 0.578415 0.313131 0.062395 0.178451
2 0.795110 0.158249 0.151771 0.225589