1 0.403879 0.016835 0.072513 0.033670
0 0.448567 0.048822 0.050590 0.097643
3 0.516863 0.063973 0.129848 0.127946
3 0.523609 0.292929 0.207420 0.420875
0 0.592749 0.114478 0.057336 0.104377
1 0.725126 0.304714 0.057336 0.101010
1 0.809444 0.636364 0.077572 0.138047
1 0.870152 0.727273 0.072513 0.127946
3 0.660202 0.951178 0.190556 0.097643
1 0.473862 0.867003 0.043845 0.097643
1 0.380270 0.744108 0.052277 0.114478
1 0.380270 0.638047 0.057336 0.134680
2 0.377740 0.503367 0.084317 0.185185
2 0.177066 0.279461 0.160202 0.296296