1 0.252998 0.147844 0.059952 0.069815
1 0.300959 0.165298 0.062350 0.067762
1 0.401679 0.123203 0.052758 0.053388
1 0.016787 0.377823 0.033573 0.053388
1 0.039568 0.414784 0.059952 0.043121
1 0.063549 0.370637 0.047962 0.053388
1 0.164269 0.363450 0.083933 0.057495
1 0.165468 0.313142 0.052758 0.053388
1 0.464029 0.197125 0.062350 0.045175
1 0.646283 0.200205 0.083933 0.057495
1 0.715827 0.173511 0.081535 0.055441
1 0.586331 0.488706 0.045564 0.051335
1 0.484412 0.532854 0.059952 0.067762
1 0.440048 0.513347 0.062350 0.071869
1 0.196643 0.746407 0.050360 0.053388
1 0.229017 0.781314 0.062350 0.045175
1 0.251799 0.737166 0.050360 0.057495
1 0.353717 0.729979 0.081535 0.055441
1 0.353717 0.680698 0.052758 0.053388
1 0.649880 0.559548 0.062350 0.043121
1 0.834532 0.563655 0.081535 0.055441
1 0.904077 0.539014 0.081535 0.055441
1 0.778177 0.855236 0.047962 0.051335
1 0.678657 0.901437 0.064748 0.069815
1 0.629496 0.880903 0.067146 0.071869
4 0.100719 0.351129 0.071942 0.067762
4 0.290168 0.720739 0.074341 0.067762
0 0.220624 0.345996 0.050360 0.053388
0 0.317746 0.254620 0.059952 0.043121
0 0.408873 0.711499 0.043165 0.047228
0 0.505995 0.620123 0.059952 0.041068
2 0.040767 0.220739 0.081535 0.121150
2 0.195444 0.120123 0.083933 0.086242
2 0.190647 0.595483 0.163070 0.119097
2 0.383693 0.488706 0.081535 0.086242
2 0.381295 0.952772 0.167866 0.094456
2 0.571942 0.857290 0.081535 0.086242
3 0.593525 0.057495 0.179856 0.114990
3 0.237410 0.288501 0.131894 0.090349
3 0.370504 0.338809 0.194245 0.174538
3 0.781775 0.397331 0.177458 0.166324
3 0.424460 0.654004 0.129496 0.090349
3 0.556355 0.702259 0.201439 0.180698
3 0.942446 0.761807 0.115108 0.164271