4 0.801562 0.870317 0.053125 0.060519
4 0.806250 0.368876 0.050000 0.057637
3 0.634375 0.913545 0.125000 0.063401
3 0.634375 0.853026 0.128125 0.063401
3 0.454688 0.776657 0.168750 0.144092
3 0.212500 0.577810 0.128125 0.161383
3 0.639062 0.412104 0.125000 0.057637
3 0.639062 0.355908 0.125000 0.054755
3 0.460938 0.283862 0.171875 0.138329
3 0.220312 0.089337 0.121875 0.155620
1 0.893750 0.951009 0.128125 0.063401
1 0.800000 0.814121 0.034375 0.048991
1 0.746875 0.933718 0.053125 0.028818
1 0.728125 0.857349 0.031250 0.054755
1 0.353125 0.893372 0.050000 0.028818
1 0.515625 0.641210 0.037500 0.074928
1 0.454688 0.659942 0.078125 0.037464
1 0.367188 0.557637 0.031250 0.057637
1 0.896875 0.445245 0.128125 0.063401
1 0.750000 0.429395 0.059375 0.034582
1 0.735938 0.354467 0.028125 0.057637
1 0.806250 0.312680 0.031250 0.048991
1 0.356250 0.399135 0.056250 0.031700
1 0.518750 0.149856 0.040625 0.072046
1 0.457813 0.170029 0.075000 0.037464
1 0.376563 0.064841 0.031250 0.057637
0 0.479687 0.894813 0.053125 0.028818
0 0.492188 0.585014 0.081250 0.037464
0 0.485938 0.400576 0.053125 0.031700
0 0.498437 0.095101 0.081250 0.034582
2 0.721875 0.645533 0.156250 0.086455
2 0.560937 0.695965 0.043750 0.083573
2 0.725000 0.148415 0.156250 0.086455
2 0.567187 0.203170 0.046875 0.080692