1 0.534375 0.840625 0.095312 0.134375
1 0.579688 0.724219 0.092188 0.132812
3 0.867969 0.928906 0.317188 0.284375
3 0.141406 0.653906 0.282813 0.279687
1 0.836719 0.360938 0.092188 0.067187
1 0.766406 0.310156 0.068750 0.093750
1 0.846094 0.267969 0.092188 0.067187
1 0.850000 0.093750 0.089063 0.131250
1 0.942187 0.085938 0.095312 0.070312
1 0.092969 0.092969 0.092188 0.067187
1 0.028906 0.042188 0.057813 0.093750
1 0.101562 0.000781 0.092188 0.067187
2 0.391406 0.085938 0.225000 0.268750
4 0.875000 0.197656 0.112500 0.104688
0 0.876563 0.000781 0.087500 0.065625