1 0.319484 0.993750 0.186246 0.048438
1 0.210602 0.938281 0.217765 0.050000
1 0.663324 0.377344 0.151862 0.040625
1 0.813754 0.401562 0.074499 0.084375
1 0.706304 0.467187 0.151862 0.042188
1 0.808023 0.631250 0.091691 0.118750
1 0.650430 0.671875 0.151862 0.042188
3 0.667622 0.801562 0.197708 0.189062
3 0.872493 0.966406 0.255014 0.232813
2 0.055874 0.871875 0.249284 0.075000
2 0.153295 0.485938 0.286533 0.229687
4 0.699140 0.542969 0.163324 0.078125
0 0.816619 0.728125 0.140401 0.039062
0 0.643266 0.955469 0.074499 0.082812