1 0.098331 0.217838 0.122298 0.056754
1 0.223065 0.215387 0.121318 0.053813
1 0.107137 0.994673 0.116432 0.050873
1 0.230415 0.998103 0.118378 0.051853
3 0.133554 0.665942 0.202528 0.260247
1 0.653335 0.098331 0.040880 0.082769
1 0.676455 0.182081 0.084373 0.041697
1 0.743870 0.120976 0.042677 0.082443
1 0.908251 0.177715 0.121229 0.050428
1 0.948017 0.093327 0.043642 0.085338
1 0.649667 0.889051 0.039855 0.082101
1 0.673975 0.971152 0.083705 0.040657
1 0.739742 0.912171 0.041444 0.082101
1 0.903558 0.967974 0.118779 0.050220
1 0.944200 0.881878 0.042246 0.082101
2 0.758467 0.611044 0.229450 0.156807
4 0.819319 0.118110 0.077691 0.090090
4 0.815963 0.908488 0.078790 0.088991