1 0.068750 0.875000 0.051562 0.117188
1 0.126562 0.944531 0.051562 0.123438
1 0.689844 0.694531 0.042188 0.084375
1 0.666406 0.608594 0.085938 0.042188
1 0.599219 0.671094 0.039062 0.084375
1 0.434375 0.614844 0.120313 0.048438
1 0.395313 0.699219 0.043750 0.085938
1 0.074219 0.085156 0.048438 0.106250
1 0.128906 0.148438 0.050000 0.117188
3 0.264844 0.702344 0.192188 0.098437
3 0.106250 0.520312 0.231250 0.256250
2 0.582031 0.185938 0.228125 0.139063
2 0.196875 0.232813 0.078125 0.134375
2 0.580469 0.988281 0.231250 0.145313
4 0.524219 0.673438 0.081250 0.092188
0 0.336719 0.608594 0.040625 0.081250
0 0.110156 0.703906 0.084375 0.039062