1 0.128125 0.946094 0.123438 0.051562
1 0.378125 0.382812 0.084375 0.042188
1 0.464062 0.406250 0.042188 0.085938
1 0.401562 0.473438 0.084375 0.039062
1 0.457813 0.638281 0.048438 0.120313
1 0.373437 0.677344 0.085938 0.043750
1 0.987500 0.998437 0.106250 0.048438
1 0.924219 0.943750 0.117188 0.050000
3 0.370312 0.807813 0.098437 0.192188
3 0.552344 0.966406 0.256250 0.231250
2 0.886719 0.490625 0.139063 0.228125
2 0.839844 0.875781 0.134375 0.078125
2 0.084375 0.492188 0.145313 0.231250
2 0.055469 0.878125 0.110937 0.075000
4 0.399219 0.548438 0.092188 0.081250
0 0.464062 0.735938 0.081250 0.040625
0 0.368750 0.962500 0.039062 0.084375