1 0.675000 0.883594 0.045312 0.082812
1 0.868750 0.875000 0.051562 0.117188
1 0.926562 0.944531 0.051562 0.123438
1 0.632031 0.707031 0.084375 0.043750
1 0.351562 0.571094 0.120313 0.051562
1 0.224219 0.570312 0.120313 0.053125
1 0.680469 0.091406 0.043750 0.079687
1 0.874219 0.085156 0.048438 0.106250
1 0.928906 0.148438 0.050000 0.117188
3 0.292969 0.917969 0.204687 0.268750
3 0.906250 0.520312 0.231250 0.256250
3 0.300781 0.120313 0.192188 0.254688
2 0.996875 0.232813 0.078125 0.134375
0 0.910156 0.703906 0.084375 0.039062