1 0.111206 0.185229 0.120382 0.048275
1 0.150155 0.100588 0.043775 0.086259
1 0.713414 0.093179 0.083690 0.043137
1 0.993767 0.229004 0.120382 0.050858
1 0.664813 0.708588 0.043137 0.080468
1 0.471373 0.714706 0.048928 0.106855
1 0.416653 0.651939 0.050205 0.117799
1 0.108251 0.977715 0.121229 0.050428
1 0.148017 0.893327 0.043642 0.085338
1 0.708098 0.884611 0.087284 0.040731
3 0.280382 0.097975 0.192950 0.097752
3 0.439150 0.279744 0.230638 0.255555
3 0.279402 0.896059 0.193262 0.094634
2 0.348050 0.566823 0.077409 0.134489
4 0.020908 0.126678 0.081492 0.091501
4 0.019319 0.918110 0.077691 0.090090
0 0.204845 0.983209 0.040271 0.078211
0 0.432200 0.888071 0.084046 0.039692
0 0.208349 0.191703 0.040271 0.081715
0 0.434829 0.095985 0.084640 0.039692