1 0.108251 0.177715 0.121229 0.050428
1 0.148017 0.093327 0.043642 0.085338
1 0.708098 0.084611 0.087284 0.040731
1 0.989966 0.219456 0.120368 0.048631
1 0.659957 0.702129 0.040657 0.081314
1 0.466651 0.701728 0.047829 0.101242
1 0.411248 0.642346 0.050220 0.117977
1 0.103558 0.967974 0.118779 0.050220
1 0.144200 0.881878 0.042246 0.082101
1 0.705782 0.875508 0.084492 0.040657
3 0.279402 0.096059 0.193262 0.094634
3 0.441541 0.272646 0.228633 0.252540
3 0.274161 0.891575 0.188303 0.107746
2 0.344368 0.558181 0.074810 0.135944
4 0.019319 0.118110 0.077691 0.090090
4 0.015963 0.908488 0.078790 0.088991
0 0.200761 0.972963 0.039113 0.075879
0 0.428399 0.878107 0.083467 0.040271
0 0.204845 0.183209 0.040271 0.078211
0 0.432200 0.088071 0.084046 0.039692