1 0.181250 0.392188 0.079687 0.043750
1 0.187500 0.198437 0.106250 0.048438
1 0.124219 0.143750 0.117188 0.050000
1 0.357031 0.435156 0.040625 0.087500
1 0.492188 0.717187 0.048438 0.120313
1 0.494531 0.843750 0.048438 0.117188
1 0.975000 0.387500 0.081250 0.040625
1 0.974219 0.193750 0.101562 0.048438
1 0.914844 0.138281 0.118750 0.050000
3 0.152344 0.771875 0.254688 0.192188
3 0.368750 0.007031 0.095312 0.193750
3 0.545312 0.168750 0.253125 0.228125
3 0.941406 0.764844 0.250000 0.192188
2 0.830469 0.071875 0.135937 0.075000
2 0.039844 0.075781 0.134375 0.078125
0 0.360937 0.159375 0.039062 0.084375