1 0.110389 0.178071 0.122298 0.052833
1 0.150987 0.090506 0.043048 0.089036
1 0.722368 0.080230 0.086096 0.045008
1 0.670515 0.716176 0.045008 0.082190
1 0.476793 0.724982 0.050873 0.117413
1 0.418584 0.655517 0.051853 0.123278
1 0.111206 0.985229 0.120382 0.048275
1 0.150155 0.900588 0.043775 0.086259
1 0.713414 0.893179 0.083690 0.043137
3 0.276106 0.075983 0.176557 0.120679
3 0.446381 0.274992 0.236295 0.265414
3 0.280382 0.897975 0.192950 0.097752
2 0.350961 0.569734 0.074394 0.137310
4 0.018591 0.114725 0.078983 0.091783
4 0.020908 0.926678 0.081492 0.091501
0 0.208349 0.991703 0.040271 0.081715
0 0.434829 0.895985 0.084640 0.039692
0 0.208052 0.185036 0.038519 0.082888
0 0.438912 0.085516 0.084640 0.042617