1 0.270313 0.784375 0.090625 0.076563
1 0.367969 0.617188 0.112500 0.092188
1 0.447656 0.598437 0.128125 0.103125
1 0.448437 0.055469 0.092188 0.078125
1 0.318750 0.169531 0.103125 0.128125
1 0.372656 0.247656 0.092188 0.078125
1 0.097656 0.736719 0.078125 0.093750
3 0.985938 0.757812 0.179688 0.215625
3 0.752344 0.810156 0.332813 0.323437
3 0.300000 0.355469 0.187500 0.217188
3 0.120313 0.442188 0.235937 0.270313
2 0.553906 0.583594 0.154688 0.132812
2 0.700781 0.222656 0.250000 0.276562
4 0.414062 0.123438 0.115625 0.112500
0 0.266406 0.251563 0.085938 0.071875
0 0.234375 0.495312 0.076563 0.092188
0 0.947656 0.649219 0.087500 0.075000
0 0.916406 0.893750 0.076563 0.092188