1 0.187500 0.998437 0.106250 0.048438
1 0.124219 0.943750 0.117188 0.050000
1 0.371094 0.380469 0.082812 0.040625
1 0.454687 0.403906 0.042188 0.084375
1 0.393750 0.471094 0.082812 0.042188
1 0.450000 0.635938 0.050000 0.121875
1 0.365625 0.675000 0.085938 0.043750
1 0.974219 0.993750 0.101562 0.048438
1 0.914844 0.938281 0.118750 0.050000
3 0.368750 0.807031 0.095312 0.193750
3 0.545312 0.968750 0.253125 0.228125
2 0.830469 0.871875 0.135937 0.075000
2 0.883594 0.485938 0.156250 0.229687
2 0.086719 0.490625 0.139063 0.228125
2 0.039844 0.875781 0.134375 0.078125
4 0.390625 0.546875 0.090625 0.078125
0 0.456250 0.732031 0.078125 0.040625
0 0.360937 0.959375 0.039062 0.084375