3 0.853125 0.046094 0.331250 0.310937
1 0.996875 0.763281 0.079687 0.095312
1 0.885938 0.967187 0.101562 0.128125
1 0.329687 0.998437 0.126562 0.101562
1 0.396875 0.387500 0.092188 0.076563
1 0.313281 0.365625 0.078125 0.093750
1 0.332031 0.454688 0.092188 0.078125
1 0.200781 0.569531 0.104688 0.131250
1 0.254688 0.645312 0.096875 0.081250
3 0.185938 0.757812 0.179688 0.215625
2 0.588281 0.625000 0.234375 0.267188
2 0.436719 0.982031 0.154688 0.134375
4 0.982031 0.918750 0.120313 0.117188
4 0.296875 0.521875 0.117188 0.112500
0 0.147656 0.649219 0.087500 0.075000
0 0.116406 0.893750 0.076563 0.092188