1 0.839063 0.785937 0.093750 0.081250
1 0.928125 0.614062 0.126562 0.103125
1 0.885938 0.167187 0.101562 0.128125
1 0.939844 0.243750 0.096875 0.081250
1 0.664844 0.735156 0.079687 0.095312
1 0.407031 0.910156 0.104688 0.129688
1 0.155469 0.385156 0.090625 0.078125
1 0.246875 0.214062 0.115625 0.095312
1 0.329687 0.198437 0.126562 0.101562
3 0.877344 0.357812 0.181250 0.215625
3 0.639844 0.403906 0.337500 0.328125
2 0.436719 0.182031 0.154688 0.134375
4 0.982031 0.118750 0.120313 0.117188
0 0.116406 0.093750 0.076563 0.092188
0 0.832031 0.248438 0.090625 0.076563
0 0.800781 0.492969 0.076563 0.092188