1 0.181250 0.407813 0.079687 0.043750
1 0.187500 0.601562 0.106250 0.048438
1 0.124219 0.656250 0.117188 0.050000
1 0.450000 0.964063 0.050000 0.121875
1 0.365625 0.925000 0.085938 0.043750
1 0.357031 0.364844 0.040625 0.087500
1 0.492188 0.082812 0.048438 0.120313
1 0.975000 0.412500 0.081250 0.040625
1 0.974219 0.606250 0.101562 0.048438
1 0.914844 0.661719 0.118750 0.050000
3 0.152344 0.028125 0.254688 0.192188
3 0.368750 0.792969 0.095312 0.193750
3 0.545312 0.631250 0.253125 0.228125
3 0.941406 0.035156 0.250000 0.192188
2 0.830469 0.728125 0.135937 0.075000
2 0.039844 0.724219 0.134375 0.078125
0 0.456250 0.867969 0.078125 0.040625
0 0.360937 0.640625 0.039062 0.084375