1 0.097841 0.216219 0.117413 0.052833
1 0.221609 0.216219 0.116432 0.054794
1 0.650632 0.094411 0.043048 0.085116
1 0.675579 0.182467 0.085116 0.045988
1 0.744063 0.117413 0.045988 0.084135
1 0.910389 0.178071 0.122298 0.052833
1 0.950987 0.090506 0.043048 0.089036
1 0.655324 0.905088 0.042484 0.083690
1 0.678816 0.991347 0.085620 0.042484
1 0.746409 0.928906 0.039261 0.083690
1 0.911206 0.985229 0.120382 0.048275
1 0.950155 0.900588 0.043775 0.086259
3 0.124986 0.674955 0.211749 0.267627
2 0.764481 0.611579 0.231395 0.145507
4 0.818591 0.114725 0.078983 0.091783
4 0.820908 0.926678 0.081492 0.091501