1 0.492969 0.462500 0.090625 0.068750
1 0.420312 0.642969 0.117188 0.081250
1 0.460938 0.715625 0.126562 0.087500
1 0.050000 0.893750 0.089063 0.131250
1 0.142187 0.885938 0.095312 0.070312
1 0.342187 0.362500 0.068750 0.096875
1 0.311719 0.050781 0.085938 0.129688
3 0.818750 0.821875 0.320312 0.304688
3 0.650000 0.115625 0.304688 0.267188
3 0.184375 0.760156 0.156250 0.214062
3 0.074219 0.548438 0.315625 0.301563
2 0.517187 0.808594 0.153125 0.118750
4 0.075000 0.997656 0.112500 0.104688
0 0.076563 0.800781 0.087500 0.065625
0 0.244531 0.620313 0.065625 0.092188
0 0.989844 0.888281 0.065625 0.092188