1 0.096861 0.219471 0.123278 0.054794
1 0.224535 0.220941 0.118378 0.053813
3 0.129633 0.673930 0.208394 0.263187
1 0.655324 0.105088 0.042484 0.083690
1 0.678816 0.191347 0.085620 0.042484
1 0.746409 0.128906 0.039261 0.083690
1 0.911206 0.185229 0.120382 0.048275
1 0.950155 0.100588 0.043775 0.086259
1 0.653335 0.898331 0.040880 0.082769
1 0.676455 0.982081 0.084373 0.041697
1 0.743870 0.920976 0.042677 0.082443
1 0.908251 0.977715 0.121229 0.050428
1 0.948017 0.893327 0.043642 0.085338
2 0.763278 0.614058 0.227638 0.139731
4 0.820908 0.126678 0.081492 0.091501
4 0.819319 0.918110 0.077691 0.090090