1 0.694531 0.881836 0.043750 0.105469
1 0.669531 0.771484 0.084375 0.056641
1 0.601563 0.853516 0.045312 0.105469
1 0.435156 0.777344 0.121875 0.066406
1 0.394531 0.886719 0.043750 0.111328
1 0.068750 0.093750 0.051562 0.146484
1 0.126562 0.180664 0.051562 0.154297
3 0.269531 0.905273 0.176563 0.150391
3 0.099219 0.656250 0.235937 0.332031
2 0.580469 0.235352 0.231250 0.181641
2 0.194531 0.288086 0.075000 0.171875
4 0.526562 0.856445 0.079687 0.115234
0 0.337500 0.768555 0.039062 0.103516
0 0.106250 0.893555 0.084375 0.052734