1 0.078906 0.898438 0.048438 0.101562
1 0.134375 0.957812 0.050000 0.118750
1 0.695313 0.710938 0.040625 0.082812
1 0.671094 0.628906 0.084375 0.040625
1 0.605469 0.687500 0.042188 0.082812
1 0.441406 0.632031 0.118750 0.050000
1 0.400781 0.717969 0.042188 0.082812
1 0.082031 0.130469 0.048438 0.100000
1 0.138281 0.189062 0.050000 0.107813
3 0.271094 0.708594 0.189062 0.107813
3 0.105469 0.540625 0.232813 0.250000
2 0.586719 0.213281 0.228125 0.162500
2 0.205469 0.265625 0.070312 0.137500
2 0.586719 0.989062 0.229687 0.156250
4 0.529687 0.691406 0.078125 0.089063
0 0.344531 0.627344 0.039062 0.076563
0 0.117188 0.721875 0.082812 0.040625