1 0.189062 0.402344 0.082812 0.045312
1 0.197656 0.596094 0.117188 0.051562
1 0.128125 0.653906 0.123438 0.051562
1 0.457813 0.961719 0.048438 0.120313
1 0.373437 0.922656 0.085938 0.043750
1 0.365625 0.359375 0.043750 0.084375
1 0.501563 0.078906 0.051562 0.120313
1 0.981250 0.407813 0.079687 0.043750
1 0.987500 0.601562 0.106250 0.048438
1 0.924219 0.656250 0.117188 0.050000
3 0.154688 0.020313 0.268750 0.204687
3 0.370312 0.792188 0.098437 0.192188
3 0.552344 0.633594 0.256250 0.231250
3 0.952344 0.028125 0.254688 0.192188
2 0.839844 0.724219 0.134375 0.078125
2 0.055469 0.721875 0.110937 0.075000
0 0.464062 0.864062 0.081250 0.040625
0 0.368750 0.637500 0.039062 0.084375