1 0.189062 0.397656 0.082812 0.045312
1 0.197656 0.203906 0.117188 0.051562
1 0.128125 0.146094 0.123438 0.051562
1 0.365625 0.440625 0.043750 0.084375
1 0.501563 0.721094 0.051562 0.120313
1 0.502344 0.848437 0.053125 0.120313
1 0.981250 0.392188 0.079687 0.043750
1 0.987500 0.198437 0.106250 0.048438
1 0.924219 0.143750 0.117188 0.050000
3 0.154688 0.779687 0.268750 0.204687
3 0.370312 0.007812 0.098437 0.192188
3 0.552344 0.166406 0.256250 0.231250
3 0.952344 0.771875 0.254688 0.192188
2 0.839844 0.075781 0.134375 0.078125
2 0.055469 0.078125 0.110937 0.075000
0 0.368750 0.162500 0.039062 0.084375