1 0.526562 0.995313 0.090625 0.129688
3 0.067969 0.928906 0.317188 0.284375
1 0.782813 0.629687 0.093750 0.068750
1 0.710156 0.578125 0.068750 0.095312
1 0.791406 0.536719 0.092188 0.065625
1 0.795312 0.362500 0.085938 0.129688
1 0.887500 0.354687 0.095312 0.070312
1 0.036719 0.360938 0.092188 0.067187
1 0.046094 0.267969 0.092188 0.067187
1 0.050000 0.093750 0.089063 0.131250
1 0.142187 0.085938 0.095312 0.070312
3 0.935156 0.232813 0.157812 0.214062
3 0.818750 0.021875 0.320312 0.304688
2 0.341406 0.354687 0.209375 0.262500
2 0.517187 0.008594 0.153125 0.118750
4 0.819531 0.466406 0.114062 0.107813
4 0.075000 0.197656 0.112500 0.104688
0 0.076563 0.000781 0.087500 0.065625
0 0.822656 0.267969 0.090625 0.065625
0 0.989844 0.088281 0.065625 0.092188