1 0.850000 0.893750 0.089063 0.131250
1 0.942187 0.885938 0.095312 0.070312
1 0.545312 0.195312 0.090625 0.065625
1 0.479687 0.378125 0.112500 0.079687
1 0.516406 0.450781 0.128125 0.087500
1 0.092969 0.892969 0.092188 0.067187
1 0.028906 0.842187 0.057813 0.093750
1 0.101562 0.800781 0.092188 0.067187
1 0.105469 0.627344 0.087500 0.128125
1 0.200000 0.618750 0.092188 0.067187
1 0.397656 0.093750 0.067187 0.093750
3 0.984375 0.760156 0.156250 0.214062
3 0.874219 0.548438 0.315625 0.301563
3 0.235156 0.493750 0.165625 0.214062
3 0.186719 0.298438 0.209375 0.265625
2 0.573438 0.541406 0.153125 0.117188
2 0.391406 0.885938 0.225000 0.268750
4 0.875000 0.997656 0.112500 0.104688
4 0.131250 0.730469 0.110937 0.103125
0 0.134375 0.535156 0.085938 0.062500
0 0.300781 0.353906 0.067187 0.092188
0 0.876563 0.800781 0.087500 0.065625