1 0.074219 0.885156 0.048438 0.106250
1 0.128906 0.948438 0.050000 0.117188
1 0.692187 0.701562 0.040625 0.082812
1 0.668750 0.617969 0.084375 0.042188
1 0.601563 0.678906 0.042188 0.082812
1 0.436719 0.622656 0.121875 0.050000
1 0.397656 0.707031 0.043750 0.085938
1 0.078906 0.098437 0.048438 0.101562
1 0.134375 0.157812 0.050000 0.118750
3 0.265625 0.703906 0.193750 0.095312
3 0.103906 0.527344 0.228125 0.253125
2 0.200781 0.242188 0.075000 0.135937
2 0.586719 0.189062 0.229687 0.156250
2 0.582031 0.985938 0.228125 0.139063
4 0.525781 0.682031 0.078125 0.090625
0 0.340625 0.616406 0.040625 0.078125
0 0.113281 0.711719 0.084375 0.039062