1 0.157600 0.979032 0.030400 0.041935
1 0.206400 0.954839 0.032000 0.090323
1 0.164000 0.908065 0.052800 0.064516
4 0.248000 0.945161 0.057600 0.109677
1 0.296800 0.866129 0.076800 0.083871
1 0.328000 0.951613 0.035200 0.096774
0 0.353600 0.840323 0.035200 0.103226
3 0.403200 0.925806 0.121600 0.148387
3 0.487200 0.685484 0.166400 0.351613
0 0.494400 0.904839 0.054400 0.070968
1 0.656000 0.853226 0.059200 0.070968
1 0.813600 0.632258 0.078400 0.083871
1 0.889600 0.606452 0.075200 0.087097
3 0.803200 0.132258 0.147200 0.264516
1 0.462400 0.159677 0.043200 0.151613
1 0.435200 0.253226 0.041600 0.151613
2 0.405600 0.374194 0.059200 0.174194
2 0.174400 0.387097 0.147200 0.209677
1 0.576800 0.132258 0.032000 0.103226