4 0.138350 0.510830 0.046117 0.037906
4 0.151699 0.194946 0.043689 0.036101
4 0.952670 0.514440 0.048544 0.039711
4 0.942961 0.200361 0.046117 0.036101
3 0.271845 0.518953 0.099515 0.037906
3 0.271845 0.481949 0.099515 0.036101
3 0.412621 0.569495 0.138350 0.099278
3 0.609223 0.698556 0.101942 0.106498
3 0.606796 0.372744 0.099515 0.099278
3 0.419903 0.249097 0.133495 0.088448
3 0.281553 0.200361 0.097087 0.036101
3 0.281553 0.164260 0.097087 0.034296
2 0.197816 0.657040 0.123786 0.066787
2 0.325243 0.620036 0.036408 0.057762
2 0.979369 0.663357 0.041262 0.063177
2 0.974515 0.337545 0.050971 0.054152
2 0.336165 0.297834 0.036408 0.054152
2 0.212379 0.333935 0.121359 0.054152
1 0.069175 0.462094 0.099515 0.039711
1 0.138350 0.546931 0.026699 0.032491
1 0.195388 0.519856 0.021845 0.032491
1 0.185680 0.471119 0.043689 0.018051
1 0.364078 0.656137 0.029126 0.046931
1 0.413835 0.643502 0.063107 0.023466
1 0.481796 0.712996 0.026699 0.030686
1 0.496359 0.490072 0.046117 0.018051
1 0.878641 0.465704 0.099515 0.039711
1 0.952670 0.550542 0.029126 0.032491
1 0.985437 0.473827 0.029126 0.019856
1 0.944175 0.234657 0.026699 0.030686
1 0.993932 0.208484 0.012136 0.034296
1 0.981796 0.162455 0.036408 0.018051
1 0.873786 0.154332 0.097087 0.039711
1 0.500000 0.175090 0.043689 0.016245
1 0.486650 0.384477 0.029126 0.034296
1 0.372573 0.333032 0.029126 0.046931
1 0.419903 0.321300 0.060680 0.021661
1 0.150485 0.229242 0.024272 0.032491
1 0.207524 0.202166 0.021845 0.030686
1 0.197816 0.156137 0.043689 0.018051
1 0.084951 0.148917 0.101942 0.037906
0 0.381068 0.694043 0.065534 0.027076
0 0.393204 0.489170 0.043689 0.018051
0 0.387136 0.370036 0.065534 0.023466
0 0.399272 0.175090 0.043689 0.016245