4 0.485437 0.231047 0.050971 0.034296
4 0.910194 0.240975 0.048544 0.032491
4 0.480583 0.836643 0.053398 0.036101
4 0.902913 0.829422 0.048544 0.034296
3 0.474515 0.330325 0.050971 0.074007
3 0.524272 0.330325 0.048544 0.074007
3 0.406553 0.435018 0.133495 0.102888
3 0.233010 0.581227 0.143204 0.075812
3 0.468447 0.934116 0.048544 0.075812
3 0.518204 0.933213 0.048544 0.075812
3 0.893204 0.926895 0.046117 0.074007
3 0.940534 0.925993 0.046117 0.074007
3 0.671117 0.579422 0.133495 0.074007
3 0.837379 0.440433 0.118932 0.099278
3 0.902913 0.337545 0.048544 0.072202
3 0.951456 0.337545 0.046117 0.072202
2 0.288835 0.275271 0.089806 0.092058
2 0.338592 0.370036 0.077670 0.027076
2 0.279126 0.888087 0.084951 0.093863
2 0.327670 0.985560 0.075243 0.028881
2 0.759709 0.978339 0.070388 0.027076
2 0.717233 0.879964 0.072816 0.092058
2 0.771845 0.378159 0.072816 0.027076
2 0.723301 0.286101 0.072816 0.090253
1 0.550971 0.179603 0.053398 0.074007
1 0.436893 0.231047 0.043689 0.019856
1 0.473301 0.273466 0.043689 0.016245
1 0.538835 0.266245 0.024272 0.032491
1 0.290049 0.398917 0.063107 0.021661
1 0.307039 0.435921 0.031553 0.046931
1 0.213592 0.486462 0.041262 0.019856
1 0.513350 0.497292 0.024272 0.034296
1 0.546117 0.781588 0.053398 0.074007
1 0.432039 0.836643 0.043689 0.021661
1 0.467233 0.879061 0.046117 0.018051
1 0.533981 0.869134 0.026699 0.036101
1 0.856796 0.830325 0.041262 0.019856
1 0.891990 0.872744 0.046117 0.018051
1 0.953883 0.862816 0.024272 0.034296
1 0.964806 0.777978 0.053398 0.072202
1 0.936893 0.500000 0.021845 0.032491
1 0.655340 0.490072 0.046117 0.021661
1 0.724515 0.405235 0.063107 0.021661
1 0.740291 0.440433 0.029126 0.045126
1 0.864078 0.240072 0.043689 0.018051
1 0.900485 0.282491 0.041262 0.016245
1 0.961165 0.275271 0.024272 0.032491
1 0.972087 0.191336 0.050971 0.075812
0 0.239078 0.411552 0.036408 0.048736
0 0.514563 0.420578 0.024272 0.032491
0 0.674757 0.416065 0.031553 0.048736
0 0.936893 0.425090 0.021845 0.032491