1 0.874400 0.091935 0.024000 0.093548
1 0.822400 0.122581 0.025600 0.100000
1 0.860800 0.190323 0.049600 0.051613
4 0.780000 0.117742 0.049600 0.116129
1 0.726400 0.195161 0.073600 0.064516
1 0.701600 0.095161 0.028800 0.100000
0 0.668800 0.204839 0.028800 0.096774
3 0.624800 0.101613 0.115200 0.119355
3 0.525600 0.319355 0.145600 0.312903
0 0.533600 0.100000 0.051200 0.058065
1 0.369600 0.106452 0.056000 0.054839
1 0.198400 0.280645 0.075200 0.064516
1 0.121600 0.285484 0.072000 0.067742
3 0.171200 0.819355 0.126400 0.312903
1 0.513600 0.846774 0.033600 0.145161
1 0.547200 0.762903 0.032000 0.145161
2 0.584800 0.651613 0.048000 0.161290
2 0.814400 0.703226 0.136000 0.174194
1 0.398400 0.841935 0.025600 0.096774