4 0.484951 0.231480 0.051796 0.034639
4 0.910485 0.241011 0.047524 0.032509
4 0.480388 0.836751 0.053131 0.035325
4 0.903422 0.829242 0.048908 0.033574
3 0.474272 0.329946 0.050704 0.074097
3 0.524393 0.330054 0.047767 0.074747
3 0.407015 0.435415 0.133034 0.102852
3 0.232670 0.581011 0.144005 0.076300
3 0.468471 0.934170 0.047694 0.076101
3 0.518568 0.933394 0.048301 0.074982
3 0.892767 0.926697 0.046044 0.074747
3 0.940680 0.926119 0.047306 0.073592
3 0.671578 0.579747 0.133762 0.073430
3 0.837646 0.440884 0.118228 0.099874
3 0.902791 0.337455 0.048301 0.071661
3 0.951456 0.337635 0.047087 0.071661
2 0.289029 0.275451 0.089879 0.092744
2 0.338932 0.369783 0.076748 0.027744
2 0.279442 0.887780 0.085631 0.093538
2 0.327743 0.985108 0.076383 0.029260
2 0.760024 0.978357 0.069757 0.027888
2 0.717791 0.880397 0.072816 0.091751
2 0.771529 0.377960 0.073252 0.027888
2 0.723617 0.285921 0.073932 0.091137
1 0.550704 0.179404 0.052718 0.074765
1 0.436529 0.230957 0.043447 0.019314
1 0.473422 0.273736 0.043932 0.016787
1 0.538714 0.266606 0.023544 0.032130
1 0.289927 0.398538 0.063083 0.021083
1 0.307282 0.435975 0.031189 0.046913
1 0.213544 0.486318 0.041456 0.020036
1 0.513932 0.497112 0.024806 0.034801
1 0.546699 0.781516 0.052816 0.074332
1 0.431869 0.836606 0.043592 0.021606
1 0.467670 0.878917 0.045024 0.017653
1 0.533422 0.869567 0.025510 0.036895
1 0.857039 0.830722 0.042087 0.019260
1 0.891529 0.872383 0.046942 0.018303
1 0.954175 0.863231 0.025267 0.034188
1 0.964879 0.777870 0.052451 0.072473
1 0.936626 0.500126 0.022621 0.031877
1 0.654733 0.490162 0.046359 0.020758
1 0.724150 0.405415 0.063350 0.022383
1 0.740534 0.440072 0.028155 0.045848
1 0.864442 0.239801 0.042476 0.018592
1 0.900607 0.282491 0.040534 0.016968
1 0.961772 0.275090 0.023058 0.032130
1 0.972209 0.191516 0.050728 0.076173
0 0.238495 0.411264 0.036044 0.048628
0 0.514320 0.420199 0.024320 0.032834
0 0.674854 0.416155 0.031845 0.048430
0 0.937379 0.425181 0.022816 0.031588