4 0.318267 0.124251 0.033898 0.065868
4 0.326742 0.672156 0.033898 0.059880
3 0.420904 0.106287 0.079096 0.065868
3 0.420904 0.173653 0.079096 0.068862
3 0.532957 0.056886 0.109228 0.113772
3 0.425612 0.658683 0.075330 0.062874
3 0.425612 0.720060 0.077213 0.059880
3 0.535782 0.579341 0.107345 0.158683
3 0.686441 0.365269 0.077213 0.173653
3 0.686441 0.896707 0.077213 0.164671
2 0.371940 0.428144 0.096045 0.101796
2 0.469868 0.492515 0.030132 0.089820
2 0.380414 0.958084 0.094162 0.083832
2 0.474576 0.985030 0.030132 0.029940
0 0.516008 0.161677 0.037665 0.035928
0 0.513183 0.371257 0.050847 0.038922
0 0.519774 0.705090 0.033898 0.029940
0 0.515066 0.901198 0.048964 0.032934
1 0.260829 0.206587 0.079096 0.071856
1 0.315443 0.062874 0.020716 0.053892
1 0.361582 0.110778 0.018832 0.053892
1 0.353107 0.193114 0.035782 0.032934
1 0.599812 0.161677 0.037665 0.035928
1 0.590395 0.341317 0.020716 0.059880
1 0.598870 0.706587 0.035782 0.029940
1 0.499058 0.434132 0.024482 0.080838
1 0.536723 0.455090 0.047081 0.035928
1 0.325800 0.613772 0.020716 0.047904
1 0.370056 0.657186 0.020716 0.053892
1 0.360640 0.738024 0.032015 0.026946
1 0.273070 0.751497 0.075330 0.065868
1 0.502825 0.959581 0.024482 0.071856
1 0.538606 0.979042 0.047081 0.032934
1 0.590395 0.874251 0.020716 0.053892