3 0.071094 0.710345 0.143750 0.115517
1 0.080469 0.937931 0.040625 0.022414
1 0.119531 0.010345 0.060938 0.020690
1 0.081250 0.039655 0.059375 0.031034
2 0.031250 0.081034 0.075000 0.044828
2 0.053906 0.326724 0.078125 0.144828
1 0.178125 0.913793 0.018750 0.048276
1 0.260156 0.743103 0.026562 0.065517
1 0.263281 0.664655 0.026562 0.067241
1 0.522656 0.953448 0.042188 0.022414
3 0.513281 0.725000 0.145313 0.117241
1 0.207813 0.400862 0.042188 0.022414
1 0.221875 0.343103 0.043750 0.024138
1 0.254688 0.387069 0.021875 0.046552
1 0.258594 0.240517 0.028125 0.070690
1 0.211719 0.215517 0.040625 0.025862
0 0.265625 0.178448 0.043750 0.022414
0 0.215625 0.032759 0.023438 0.050000
3 0.214844 0.132759 0.053125 0.117241
3 0.321094 0.052586 0.151562 0.103448
1 0.567187 0.019828 0.056250 0.025862
1 0.530469 0.050862 0.060938 0.031034
2 0.478906 0.092241 0.073438 0.051724
2 0.499219 0.339655 0.076563 0.146552
4 0.221875 0.297414 0.048438 0.050000