1 0.019531 0.126724 0.064062 0.029310
1 0.257031 0.059483 0.020313 0.044828
1 0.271875 0.111207 0.042188 0.022414
1 0.310937 0.074138 0.020313 0.044828
1 0.403906 0.110345 0.056250 0.025862
1 0.426563 0.058621 0.020313 0.043103
0 0.460156 0.114655 0.020313 0.044828
0 0.592187 0.057759 0.040625 0.020690
3 0.598437 0.171552 0.134375 0.156897
1 0.752344 0.056897 0.042188 0.024138
1 0.918750 0.144828 0.062500 0.027586
1 0.991406 0.145690 0.065625 0.027586
3 0.945312 0.425862 0.118750 0.162069
1 0.723437 0.439655 0.020313 0.048276
1 0.610156 0.443966 0.025000 0.067241
1 0.578906 0.401724 0.026562 0.065517
2 0.540625 0.347414 0.039062 0.082759
2 0.318750 0.376724 0.129688 0.084483
4 0.352344 0.072414 0.042188 0.051724
3 0.501563 0.057759 0.112500 0.060345
1 0.015625 0.612931 0.060938 0.027586
1 0.253906 0.547414 0.020313 0.046552
1 0.306250 0.562069 0.021875 0.048276
1 0.267187 0.599138 0.042188 0.024138
1 0.400000 0.600862 0.064062 0.029310
1 0.421875 0.548276 0.023438 0.044828
0 0.456250 0.606897 0.020313 0.048276
0 0.587500 0.550000 0.045312 0.024138
3 0.496875 0.550862 0.104688 0.056897
3 0.592969 0.666379 0.134375 0.165517
1 0.750781 0.550862 0.045312 0.024138
1 0.915625 0.642241 0.067187 0.027586
1 0.988281 0.643103 0.068750 0.027586
3 0.941406 0.920690 0.120313 0.155172
1 0.607812 0.937069 0.026562 0.062069
1 0.576562 0.897414 0.026562 0.067241
2 0.538281 0.841379 0.045312 0.081034
2 0.314063 0.868103 0.131250 0.082759
4 0.347656 0.561207 0.043750 0.053448
1 0.721094 0.939655 0.023438 0.050000