3 0.874219 0.287931 0.142187 0.112069
1 0.624219 0.265517 0.028125 0.070690
1 0.625000 0.341379 0.026562 0.070690
1 0.547656 0.091379 0.020313 0.048276
1 0.887500 0.060345 0.040625 0.022414
1 0.564063 0.603448 0.040625 0.022414
1 0.610938 0.619828 0.020313 0.046552
1 0.577344 0.662931 0.040625 0.022414
1 0.610156 0.765517 0.023438 0.062069
1 0.563281 0.790517 0.039062 0.022414
0 0.614062 0.827586 0.040625 0.022414
0 0.562500 0.973276 0.018750 0.044828
3 0.664844 0.952586 0.142187 0.094828
1 0.911719 0.989655 0.060938 0.020690
1 0.874219 0.958621 0.059375 0.029310
2 0.825000 0.916379 0.075000 0.043103
2 0.851562 0.671552 0.076563 0.143103
4 0.575781 0.708621 0.046875 0.046552
3 0.562500 0.873276 0.054688 0.124138
1 0.984375 0.086207 0.018750 0.048276