1 0.942187 0.913793 0.018750 0.048276
1 0.862500 0.741379 0.025000 0.065517
1 0.860938 0.662931 0.025000 0.067241
1 0.596875 0.946552 0.042188 0.022414
3 0.610156 0.718103 0.143750 0.113793
1 0.920312 0.400000 0.042188 0.022414
1 0.907031 0.342241 0.043750 0.024138
1 0.873437 0.385345 0.021875 0.046552
1 0.871875 0.238793 0.026562 0.070690
1 0.919531 0.214655 0.040625 0.025862
0 0.866406 0.176724 0.043750 0.022414
0 0.917969 0.031897 0.021875 0.050000
3 0.917188 0.131897 0.051562 0.115517
3 0.812500 0.050000 0.150000 0.100000
1 0.567187 0.012069 0.056250 0.024138
1 0.603125 0.043966 0.060938 0.029310
2 0.653906 0.086207 0.073438 0.050000
2 0.629688 0.333621 0.075000 0.144828
4 0.907813 0.296552 0.048438 0.048276