3 0.871094 0.710345 0.143750 0.115517
1 0.620312 0.727586 0.029687 0.070690
1 0.622656 0.651724 0.028125 0.070690
1 0.541406 0.900862 0.020313 0.048276
1 0.880469 0.937931 0.040625 0.022414
1 0.565625 0.388793 0.040625 0.022414
1 0.612500 0.373276 0.020313 0.046552
1 0.579688 0.329310 0.040625 0.022414
1 0.614062 0.227586 0.025000 0.062069
1 0.567969 0.201724 0.039062 0.022414
0 0.619531 0.165517 0.040625 0.022414
0 0.570312 0.020690 0.018750 0.041379
3 0.671875 0.043966 0.143750 0.087931
1 0.919531 0.010345 0.060938 0.020690
1 0.881250 0.039655 0.059375 0.031034
2 0.831250 0.081034 0.075000 0.044828
2 0.853906 0.326724 0.078125 0.144828
4 0.578906 0.283621 0.046875 0.048276
3 0.568750 0.118966 0.056250 0.125862
1 0.978125 0.913793 0.018750 0.048276