4 0.263729 0.211198 0.040697 0.055090
4 0.608192 0.224341 0.037552 0.054671
4 0.932712 0.233952 0.035970 0.053024
3 0.252787 0.373563 0.041733 0.126467
3 0.294840 0.374072 0.043691 0.126826
3 0.198550 0.553413 0.117156 0.172425
3 0.063333 0.802605 0.115687 0.128144
3 0.599962 0.382156 0.039868 0.121168
3 0.638588 0.382006 0.037382 0.121497
3 0.926422 0.389581 0.038211 0.118204
3 0.964426 0.389760 0.039454 0.119850
3 0.549887 0.556826 0.100678 0.169192
3 0.415141 0.796916 0.109096 0.122335
3 0.749303 0.796617 0.104501 0.121707
3 0.879077 0.560479 0.093785 0.165539
2 0.100282 0.285599 0.072637 0.154910
2 0.142881 0.444581 0.063974 0.049910
2 0.454783 0.297096 0.063653 0.152126
2 0.495386 0.452635 0.056629 0.047186
2 0.790640 0.309521 0.057401 0.150868
2 0.824614 0.459461 0.055838 0.048443
0 0.062411 0.516437 0.028418 0.081886
0 0.287420 0.524701 0.023333 0.059701
0 0.418832 0.521677 0.024859 0.081886
0 0.629379 0.531168 0.018267 0.053234
0 0.752806 0.524311 0.021563 0.077425
0 0.953465 0.532575 0.020038 0.055240
1 0.315819 0.119970 0.045104 0.126407
1 0.225499 0.206377 0.033879 0.031497
1 0.255461 0.279341 0.033879 0.029850
1 0.306685 0.267096 0.020075 0.056766
1 0.106403 0.494311 0.053446 0.035898
1 0.118851 0.556407 0.025461 0.077904
1 0.044576 0.643713 0.035160 0.030868
1 0.286761 0.659371 0.021657 0.058593
1 0.400320 0.643653 0.036893 0.033234
1 0.629849 0.657335 0.018437 0.055898
1 0.458475 0.498832 0.049925 0.039102
1 0.471507 0.558054 0.022863 0.076228
1 0.571205 0.223024 0.030979 0.032455
1 0.599002 0.293383 0.032957 0.031677
1 0.649774 0.277754 0.017458 0.051198
1 0.658399 0.138593 0.040621 0.120000
1 0.981017 0.148234 0.037872 0.119641
1 0.897363 0.232814 0.032599 0.031257
1 0.923974 0.301018 0.033070 0.027425
1 0.971902 0.286916 0.017740 0.049551
1 0.788776 0.503862 0.045122 0.037485
1 0.801563 0.561677 0.021563 0.076018
1 0.735556 0.643593 0.033013 0.032126
1 0.951959 0.658443 0.016234 0.051617