1 0.119617 0.043103 0.066986 0.046552
1 0.188995 0.093966 0.186603 0.025862
4 0.339713 0.057759 0.124402 0.053448
1 0.461722 0.058621 0.066986 0.044828
1 0.612440 0.045690 0.066986 0.044828
1 0.574163 0.095690 0.133971 0.022414
0 0.028708 0.099138 0.062201 0.039655
2 0.444976 0.352586 0.377990 0.079310
1 0.636364 0.523276 0.057416 0.044828
1 0.602871 0.575000 0.129187 0.020690
1 0.485646 0.538793 0.062201 0.044828
1 0.212919 0.575000 0.177033 0.025862
1 0.143541 0.523276 0.057416 0.046552
2 0.466507 0.836207 0.392344 0.081034
4 0.361244 0.536207 0.124402 0.051724
0 0.050239 0.578448 0.062201 0.046552