1 0.869531 0.059483 0.020313 0.044828
1 0.854688 0.111207 0.042188 0.022414
1 0.815625 0.074138 0.020313 0.044828
1 0.722656 0.110345 0.056250 0.025862
1 0.700000 0.058621 0.020313 0.043103
0 0.666406 0.114655 0.020313 0.044828
0 0.534375 0.057759 0.040625 0.020690
3 0.528125 0.171552 0.134375 0.156897
1 0.374219 0.056897 0.042188 0.024138
1 0.207813 0.144828 0.062500 0.027586
1 0.135156 0.145690 0.065625 0.027586
3 0.181250 0.425862 0.118750 0.162069
1 0.403125 0.439655 0.020313 0.048276
1 0.516406 0.443966 0.025000 0.067241
1 0.547656 0.401724 0.026562 0.065517
2 0.585938 0.347414 0.039062 0.082759
2 0.807813 0.376724 0.129688 0.084483
4 0.774219 0.072414 0.042188 0.051724
3 0.625000 0.057759 0.112500 0.060345
1 0.872656 0.547414 0.020313 0.046552
1 0.820312 0.562069 0.021875 0.048276
1 0.859375 0.599138 0.042188 0.024138
1 0.726562 0.600862 0.064062 0.029310
1 0.704688 0.548276 0.023438 0.044828
0 0.670312 0.606897 0.020313 0.048276
0 0.539062 0.550000 0.045312 0.024138
3 0.629688 0.550862 0.104688 0.056897
3 0.533594 0.666379 0.134375 0.165517
1 0.375781 0.550862 0.045312 0.024138
1 0.210938 0.642241 0.067187 0.027586
1 0.138281 0.643103 0.068750 0.027586
3 0.185156 0.920690 0.120313 0.155172
1 0.518750 0.937069 0.026562 0.062069
1 0.550000 0.897414 0.026562 0.067241
2 0.588281 0.841379 0.045312 0.081034
2 0.812500 0.868103 0.131250 0.082759
4 0.778906 0.561207 0.043750 0.053448
1 0.405469 0.939655 0.023438 0.050000