3 0.916406 0.272414 0.160938 0.141379
1 0.675781 0.193103 0.040625 0.075862
1 0.662500 0.267241 0.039062 0.075862
1 0.633594 0.015517 0.029687 0.031034
1 0.971875 0.052586 0.043750 0.031034
1 0.553125 0.509483 0.043750 0.031034
1 0.596094 0.536207 0.028125 0.050000
1 0.554688 0.570690 0.043750 0.031034
1 0.567969 0.678448 0.034375 0.065517
1 0.517188 0.692241 0.042188 0.031034
0 0.560156 0.740517 0.043750 0.031034
0 0.482031 0.870690 0.026562 0.048276
3 0.585938 0.874138 0.156250 0.125862
1 0.820312 0.967241 0.064062 0.034483
1 0.789844 0.928448 0.064062 0.043103
2 0.749219 0.875862 0.081250 0.058621
2 0.821875 0.642241 0.101562 0.156897
4 0.545313 0.615517 0.054688 0.056897
3 0.500781 0.773276 0.076563 0.134483
1 0.986719 0.607759 0.045312 0.031034
1 0.988281 0.667241 0.046875 0.034483
1 0.952344 0.788793 0.045312 0.034483
0 0.996875 0.838793 0.046875 0.032759
0 0.919531 0.968103 0.031250 0.053448
3 0.939063 0.870690 0.071875 0.124138
4 0.978906 0.712069 0.056250 0.058621