3 0.355469 0.401724 0.101562 0.156897
1 0.375781 0.125862 0.064062 0.031034
1 0.307031 0.126724 0.064062 0.029310
1 0.533594 0.041379 0.043750 0.022414
3 0.683594 0.154310 0.112500 0.150000
2 0.735156 0.325000 0.035937 0.077586
1 0.697656 0.378448 0.025000 0.068966
1 0.668750 0.414655 0.023438 0.058621
1 0.561719 0.416379 0.020313 0.044828
0 0.684375 0.042241 0.043750 0.020690
1 0.839063 0.043103 0.021875 0.046552
1 0.861719 0.093966 0.060938 0.025862
4 0.910937 0.057759 0.040625 0.053448
1 0.950781 0.058621 0.021875 0.044828
1 0.987500 0.095690 0.043750 0.022414
3 0.767969 0.044828 0.103125 0.055172
0 0.809375 0.099138 0.020313 0.039655
2 0.945312 0.352586 0.123438 0.079310
1 0.069531 0.059483 0.020313 0.044828
1 0.054688 0.111207 0.042188 0.022414
1 0.015625 0.074138 0.020313 0.044828
2 0.007812 0.376724 0.129688 0.084483
1 0.996875 0.575000 0.042188 0.020690
1 0.958594 0.538793 0.020313 0.044828
1 0.869531 0.575000 0.057813 0.025862
1 0.846875 0.523276 0.018750 0.046552
1 0.538281 0.523276 0.043750 0.020690
1 0.382031 0.611207 0.059375 0.027586
1 0.310937 0.612931 0.060938 0.027586
1 0.567969 0.904310 0.020313 0.046552
1 0.675000 0.907759 0.023438 0.067241
1 0.704688 0.864655 0.026562 0.068966
2 0.742188 0.811207 0.037500 0.081034
2 0.952344 0.836207 0.128125 0.081034
4 0.917969 0.536207 0.040625 0.051724
0 0.816406 0.578448 0.020313 0.046552
0 0.690625 0.522414 0.043750 0.020690
3 0.775000 0.524138 0.107813 0.058621
3 0.686719 0.637069 0.121875 0.158621
3 0.360938 0.889655 0.103125 0.158621
1 0.072656 0.547414 0.020313 0.046552
1 0.020313 0.562069 0.021875 0.048276
1 0.059375 0.599138 0.042188 0.024138
2 0.012500 0.868103 0.131250 0.082759