3 0.074219 0.287931 0.142187 0.112069
1 0.087500 0.060345 0.040625 0.022414
1 0.111719 0.989655 0.060938 0.020690
1 0.074219 0.958621 0.059375 0.029310
2 0.025000 0.916379 0.075000 0.043103
2 0.051562 0.671552 0.076563 0.143103
1 0.184375 0.086207 0.018750 0.048276
1 0.264062 0.258621 0.025000 0.065517
1 0.265625 0.337069 0.025000 0.067241
1 0.529687 0.053448 0.042188 0.022414
3 0.516406 0.281897 0.143750 0.113793
1 0.206250 0.600000 0.042188 0.022414
1 0.219531 0.657759 0.043750 0.024138
1 0.253125 0.614655 0.021875 0.046552
1 0.254688 0.761207 0.026562 0.070690
1 0.207031 0.785345 0.040625 0.025862
0 0.260156 0.823276 0.043750 0.022414
0 0.208594 0.968103 0.021875 0.050000
3 0.209375 0.868103 0.051562 0.115517
3 0.314063 0.950000 0.150000 0.100000
1 0.559375 0.987931 0.056250 0.024138
1 0.523438 0.956034 0.060938 0.029310
2 0.472656 0.913793 0.073438 0.050000
2 0.496875 0.666379 0.075000 0.144828
4 0.218750 0.703448 0.048438 0.048276