3 0.771094 0.401724 0.101562 0.156897
1 0.750781 0.125862 0.064062 0.031034
1 0.819531 0.126724 0.064062 0.029310
1 0.592969 0.041379 0.043750 0.022414
3 0.442969 0.154310 0.112500 0.150000
2 0.391406 0.325000 0.035937 0.077586
1 0.428906 0.378448 0.025000 0.068966
1 0.457813 0.414655 0.023438 0.058621
1 0.564844 0.416379 0.020313 0.044828
0 0.442188 0.042241 0.043750 0.020690
1 0.287500 0.043103 0.021875 0.046552
1 0.264844 0.093966 0.060938 0.025862
4 0.215625 0.057759 0.040625 0.053448
1 0.175781 0.058621 0.021875 0.044828
1 0.126562 0.045690 0.021875 0.044828
1 0.139063 0.095690 0.043750 0.022414
3 0.358594 0.044828 0.103125 0.055172
0 0.317188 0.099138 0.020313 0.039655
2 0.181250 0.352586 0.123438 0.079310
1 0.118750 0.523276 0.018750 0.044828
1 0.129688 0.575000 0.042188 0.020690
1 0.167969 0.538793 0.020313 0.044828
1 0.257031 0.575000 0.057813 0.025862
1 0.279687 0.523276 0.018750 0.046552
1 0.588281 0.523276 0.043750 0.020690
1 0.744531 0.611207 0.059375 0.027586
1 0.815625 0.612931 0.060938 0.027586
1 0.558594 0.904310 0.020313 0.046552
1 0.451562 0.907759 0.023438 0.067241
1 0.421875 0.864655 0.026562 0.068966
2 0.384375 0.811207 0.037500 0.081034
2 0.174219 0.836207 0.128125 0.081034
4 0.208594 0.536207 0.040625 0.051724
0 0.310156 0.578448 0.020313 0.046552
0 0.435937 0.522414 0.043750 0.020690
3 0.351562 0.524138 0.107813 0.058621
3 0.439844 0.637069 0.121875 0.158621
3 0.765625 0.889655 0.103125 0.158621