3 0.252344 0.712069 0.142187 0.112069
1 0.502344 0.734483 0.028125 0.070690
1 0.501563 0.658621 0.026562 0.070690
1 0.578906 0.908621 0.020313 0.048276
1 0.239063 0.939655 0.040625 0.022414
1 0.562500 0.396552 0.040625 0.022414
1 0.515625 0.380172 0.020313 0.046552
1 0.549219 0.337069 0.040625 0.022414
1 0.516406 0.234483 0.023438 0.062069
1 0.563281 0.209483 0.039062 0.022414
0 0.512500 0.172414 0.040625 0.022414
0 0.564063 0.026724 0.018750 0.044828
3 0.460156 0.046552 0.142187 0.093103
1 0.213281 0.010345 0.060938 0.020690
1 0.252344 0.041379 0.059375 0.029310
2 0.301563 0.083621 0.075000 0.043103
2 0.275000 0.328448 0.076563 0.143103
4 0.550781 0.291379 0.046875 0.046552
3 0.564063 0.126724 0.054688 0.124138
1 0.142187 0.913793 0.018750 0.048276
1 0.062500 0.741379 0.025000 0.065517
1 0.060937 0.662931 0.025000 0.067241
1 0.120313 0.400000 0.042188 0.022414
1 0.107031 0.342241 0.043750 0.024138
1 0.073438 0.385345 0.021875 0.046552
1 0.071875 0.238793 0.026562 0.070690
1 0.119531 0.214655 0.040625 0.025862
0 0.066406 0.176724 0.043750 0.022414
0 0.117969 0.031897 0.021875 0.050000
3 0.117188 0.131897 0.051562 0.115517
3 0.012500 0.050000 0.150000 0.100000
4 0.107813 0.296552 0.048438 0.048276