4 0.263653 0.788922 0.041431 0.053892
4 0.608286 0.775449 0.037665 0.053892
4 0.933145 0.766467 0.035782 0.053892
3 0.252354 0.625749 0.041431 0.125749
3 0.294727 0.625749 0.043315 0.125749
3 0.198682 0.446108 0.116761 0.173653
3 0.063089 0.197605 0.114878 0.128743
3 0.599812 0.618263 0.039548 0.119760
3 0.638418 0.618263 0.037665 0.122754
3 0.926554 0.610778 0.037665 0.116766
3 0.964218 0.610778 0.039548 0.119760
3 0.549906 0.443114 0.099812 0.170659
3 0.415254 0.203593 0.109228 0.122754
3 0.749529 0.203593 0.103578 0.122754
3 0.879473 0.440120 0.094162 0.164671
2 0.099812 0.714072 0.073446 0.155689
2 0.143126 0.555389 0.064030 0.050898
2 0.454802 0.703593 0.064030 0.152695
2 0.495292 0.547904 0.056497 0.047904
2 0.790960 0.690120 0.056497 0.149701
2 0.824859 0.540419 0.056497 0.047904
0 0.062147 0.483533 0.028249 0.080838
0 0.287194 0.476048 0.022599 0.059880
0 0.419021 0.479042 0.024482 0.080838
0 0.629002 0.468563 0.018832 0.053892
0 0.752354 0.476048 0.020716 0.077844
0 0.953861 0.467066 0.020716 0.053892
1 0.315443 0.880240 0.045198 0.125749
1 0.225047 0.793413 0.033898 0.032934
1 0.255179 0.720060 0.033898 0.029940
1 0.306968 0.733533 0.020716 0.056886
1 0.106403 0.505988 0.052731 0.035928
1 0.118644 0.443114 0.026365 0.077844
1 0.044256 0.356287 0.035782 0.029940
1 0.287194 0.341317 0.022599 0.059880
1 0.400188 0.356287 0.037665 0.032934
1 0.629944 0.342814 0.018832 0.056886
1 0.458569 0.501497 0.050847 0.038922
1 0.471751 0.441617 0.022599 0.074850
1 0.571563 0.776946 0.030132 0.032934
1 0.598870 0.706587 0.033898 0.032934
1 0.649718 0.721557 0.016949 0.050898
1 0.658192 0.860778 0.041431 0.119760
1 0.981168 0.851796 0.037665 0.119760
1 0.897363 0.766467 0.032015 0.029940
1 0.923729 0.699102 0.033898 0.026946
1 0.971751 0.712575 0.016949 0.050898
1 0.789077 0.495509 0.045198 0.038922
1 0.801318 0.438623 0.020716 0.074850
1 0.735405 0.356287 0.033898 0.032934
1 0.951977 0.341317 0.016949 0.050898