3 0.116406 0.272414 0.160938 0.141379
1 0.171875 0.052586 0.043750 0.031034
1 0.020313 0.967241 0.064062 0.034483
2 0.021875 0.642241 0.101562 0.156897
1 0.261719 0.100000 0.028125 0.051724
1 0.307031 0.287069 0.037500 0.068966
1 0.293750 0.363793 0.037500 0.070690
1 0.605469 0.147414 0.045312 0.031034
3 0.550000 0.368103 0.162500 0.144828
1 0.186719 0.607759 0.045312 0.031034
1 0.188281 0.667241 0.046875 0.034483
1 0.229687 0.632759 0.029687 0.050000
1 0.203125 0.776724 0.039062 0.075862
1 0.152344 0.788793 0.045312 0.034483
0 0.196875 0.838793 0.046875 0.032759
0 0.119531 0.968103 0.031250 0.053448
3 0.139063 0.870690 0.071875 0.124138
3 0.225000 0.954310 0.165625 0.091379
2 0.387500 0.971552 0.081250 0.056897
2 0.458594 0.739655 0.100000 0.158621
4 0.178906 0.712069 0.056250 0.058621