3 0.030488 0.852094 0.060976 0.143979
3 0.033537 0.407068 0.067073 0.138743
3 0.582317 0.617801 0.118902 0.049738
3 0.582317 0.564136 0.121951 0.049738
3 0.759146 0.680628 0.167683 0.130890
3 0.972561 0.861257 0.054878 0.136126
3 0.969512 0.418848 0.060976 0.141361
3 0.763720 0.238220 0.173780 0.133508
3 0.586890 0.175393 0.125000 0.052356
3 0.586890 0.121728 0.125000 0.054974
4 0.425305 0.604712 0.051829 0.049738
4 0.431402 0.166230 0.051829 0.049738
2 0.501524 0.803665 0.146341 0.081152
2 0.657012 0.757853 0.045732 0.073298
2 0.504573 0.356021 0.146341 0.075916
2 0.661585 0.315445 0.045732 0.078534
0 0.725610 0.856021 0.082317 0.031414
0 0.730183 0.579843 0.048780 0.026178
0 0.728659 0.410995 0.073171 0.028796
0 0.733232 0.137435 0.054878 0.023560
1 0.338415 0.537958 0.121951 0.052356
1 0.423780 0.654450 0.030488 0.047120
1 0.493902 0.616492 0.027439 0.041885
1 0.478659 0.552356 0.051829 0.023560
1 0.702744 0.807592 0.039634 0.062827
1 0.763720 0.790576 0.079268 0.028796
1 0.849085 0.883508 0.036585 0.052356
1 0.859756 0.579843 0.057927 0.026178
1 0.429878 0.214660 0.030488 0.044503
1 0.498476 0.176702 0.027439 0.047120
1 0.484756 0.109948 0.048780 0.026178
1 0.849085 0.438482 0.033537 0.054974
1 0.704268 0.362565 0.033537 0.065445
1 0.760671 0.345550 0.076220 0.034031
1 0.862805 0.142670 0.051829 0.028796
1 0.344512 0.099476 0.121951 0.057592