1 0.632812 0.975000 0.056250 0.064062
1 0.682813 0.982812 0.045312 0.040625
1 0.866406 0.735938 0.043750 0.050000
1 0.894531 0.564063 0.054688 0.060937
1 0.932031 0.510938 0.057813 0.065625
1 0.570312 0.562500 0.045312 0.040625
1 0.507031 0.646094 0.065625 0.057813
1 0.515625 0.689844 0.059375 0.053125
0 0.660937 0.928906 0.045312 0.040625
0 0.776563 0.855469 0.043750 0.050000
3 0.724219 0.925000 0.101562 0.114062
3 0.692969 0.801562 0.192188 0.189062
3 0.700781 0.408594 0.175000 0.167187
2 0.534375 0.748437 0.081250 0.073438
2 0.389844 0.902344 0.139063 0.150000
1 0.225781 0.864844 0.043750 0.039062
1 0.195312 0.826562 0.040625 0.045312
1 0.244531 0.815625 0.045312 0.040625
1 0.269531 0.725000 0.053125 0.060937
1 0.321875 0.735156 0.046875 0.040625
4 0.268750 0.784375 0.068750 0.065625
0 0.294531 0.681250 0.039062 0.034375
0 0.413281 0.609375 0.039062 0.043750
3 0.362500 0.675000 0.103125 0.114062
3 0.329687 0.550000 0.190625 0.187500
1 0.503125 0.486719 0.037500 0.042188
1 0.528906 0.316406 0.048438 0.056250
1 0.567969 0.261719 0.050000 0.057813
3 0.333594 0.153906 0.181250 0.171875
1 0.200000 0.307813 0.040625 0.037500
1 0.137500 0.392188 0.056250 0.050000
1 0.148438 0.438281 0.054688 0.048438
2 0.169531 0.497656 0.081250 0.073438
2 0.044531 0.650000 0.089063 0.146875
1 0.755469 0.108594 0.045312 0.040625
1 0.725000 0.068750 0.040625 0.045312
1 0.774219 0.059375 0.046875 0.042188
4 0.796094 0.028906 0.060937 0.057813
2 0.915625 0.157031 0.118750 0.125000
1 0.928906 0.807813 0.046875 0.042188
1 0.865625 0.893750 0.065625 0.057813
1 0.878906 0.939844 0.071875 0.064062
2 0.894531 0.996875 0.084375 0.076563