1 0.955469 0.040000 0.059375 0.097143
1 0.932031 0.205714 0.020313 0.154286
1 0.624219 0.217143 0.045312 0.080000
0 0.901563 0.022857 0.020313 0.148571
0 0.774219 0.208571 0.045312 0.080000
3 0.860938 0.202857 0.104688 0.182857
1 0.172656 0.157143 0.021875 0.148571
1 0.122656 0.105714 0.023438 0.154286
1 0.011719 0.157143 0.020313 0.160000
4 0.082813 0.114286 0.042187 0.177143
2 0.110156 0.717143 0.117188 0.268571
3 0.447656 0.614286 0.104688 0.502857
1 0.646094 0.557143 0.023438 0.148571
1 0.752344 0.554286 0.026562 0.228571
1 0.782031 0.691429 0.029687 0.245714
2 0.818750 0.860000 0.042187 0.268571