1 0.955469 0.262500 0.059375 0.026562
1 0.932031 0.217188 0.020313 0.042188
1 0.624219 0.214062 0.045312 0.021875
1 0.468750 0.292187 0.057813 0.025000
1 0.403906 0.292969 0.060937 0.026562
1 0.657813 0.555469 0.020313 0.042188
1 0.763281 0.557813 0.026562 0.060937
1 0.792969 0.525000 0.025000 0.054688
0 0.901563 0.267188 0.020313 0.040625
0 0.774219 0.216406 0.045312 0.021875
3 0.860938 0.217969 0.104688 0.050000
3 0.779688 0.315625 0.129688 0.143750
3 0.457031 0.540625 0.104688 0.140625
2 0.829688 0.475781 0.039062 0.071875
1 0.966406 0.703906 0.059375 0.021875
1 0.943750 0.655469 0.018750 0.043750
0 0.916406 0.709375 0.017188 0.035937
0 0.788281 0.655469 0.040625 0.018750
3 0.871094 0.657813 0.103125 0.053125
3 0.789844 0.757813 0.128125 0.142188
1 0.635938 0.654688 0.039062 0.017188
1 0.483594 0.733594 0.053125 0.021875
1 0.416406 0.734375 0.056250 0.020313
3 0.467187 0.987500 0.104688 0.148438
1 0.805469 0.970313 0.023438 0.050000
2 0.841406 0.918750 0.037500 0.073438
2 0.127344 0.966406 0.117188 0.079688
1 0.182031 0.672656 0.020313 0.040625
1 0.167969 0.720313 0.042187 0.020313
1 0.131250 0.686719 0.020313 0.043750
1 0.040625 0.721875 0.056250 0.025000
1 0.017969 0.674219 0.021875 0.042188
4 0.090625 0.686719 0.042187 0.050000
2 0.117969 0.514062 0.121875 0.071875
1 0.172656 0.230469 0.021875 0.040625
1 0.160156 0.278125 0.045312 0.020313
1 0.122656 0.244531 0.023438 0.042188
1 0.035156 0.277344 0.060937 0.025000
1 0.011719 0.230469 0.020313 0.043750
4 0.082813 0.242188 0.042187 0.048438
2 0.110156 0.077344 0.117188 0.073438
3 0.447656 0.105469 0.104688 0.137500
1 0.646094 0.121094 0.023438 0.040625
1 0.752344 0.121875 0.026562 0.062500
1 0.782031 0.084375 0.029687 0.067187
2 0.818750 0.038281 0.042187 0.073438