3 0.089817 0.066518 0.166707 0.111780
3 0.607591 0.077644 0.161982 0.105707
3 0.363445 0.570262 0.057713 0.102670
3 0.424695 0.570759 0.058902 0.104686
3 0.289512 0.722225 0.151372 0.143639
3 0.079238 0.937199 0.157287 0.106204
3 0.593171 0.933403 0.164939 0.109764
3 0.804329 0.726283 0.156098 0.148691
3 0.877957 0.574817 0.059482 0.107723
3 0.940701 0.574817 0.063628 0.107723
4 0.377530 0.435550 0.056524 0.045602
4 0.888537 0.441387 0.057195 0.044424
2 0.146037 0.501021 0.094634 0.126283
2 0.199482 0.634319 0.085793 0.038586
2 0.667927 0.504529 0.089878 0.125105
2 0.714238 0.638115 0.091250 0.038010
0 0.085122 0.693063 0.036768 0.070733
0 0.407165 0.698037 0.029970 0.042094
0 0.603262 0.695707 0.034055 0.061963
0 0.922226 0.700366 0.027927 0.047932
1 0.455854 0.361649 0.060244 0.103822
1 0.320579 0.434346 0.053567 0.025366
1 0.364085 0.494188 0.049238 0.024686
1 0.439695 0.482199 0.027957 0.044634
1 0.142378 0.674424 0.074421 0.033482
1 0.162043 0.725995 0.034268 0.068979
1 0.053354 0.800052 0.061037 0.031099
1 0.406616 0.809529 0.031098 0.049372
1 0.831707 0.440183 0.052439 0.025393
1 0.876829 0.498429 0.053659 0.024607
1 0.953506 0.487304 0.032012 0.042147
1 0.571402 0.799424 0.063323 0.029503
1 0.660000 0.675942 0.076829 0.029843
1 0.679116 0.724162 0.040152 0.065314
1 0.915976 0.811859 0.033598 0.045079
1 0.966220 0.366937 0.066524 0.104188