3 0.910061 0.933246 0.167683 0.112565
3 0.391768 0.922775 0.161585 0.104712
3 0.637195 0.429319 0.057927 0.102094
3 0.574695 0.429319 0.057927 0.104712
3 0.710366 0.277487 0.152439 0.143979
3 0.920732 0.062827 0.158537 0.107330
3 0.407012 0.066754 0.164634 0.109948
3 0.195122 0.273560 0.155488 0.149215
3 0.121951 0.425393 0.060976 0.107330
3 0.059451 0.425393 0.064024 0.107330
4 0.621951 0.564136 0.057927 0.044503
4 0.111280 0.558901 0.057927 0.044503
2 0.853659 0.498691 0.094512 0.125654
2 0.800305 0.365183 0.085366 0.039267
2 0.332317 0.496073 0.088415 0.125654
2 0.285061 0.361257 0.091463 0.039267
0 0.914634 0.306283 0.036585 0.070681
0 0.592988 0.302356 0.030488 0.041885
0 0.396341 0.303665 0.033537 0.062827
0 0.077744 0.299738 0.027439 0.047120
1 0.544207 0.638743 0.060976 0.104712
1 0.679878 0.565445 0.054878 0.026178
1 0.635671 0.505236 0.048780 0.023560
1 0.560976 0.518325 0.027439 0.044503
1 0.858232 0.325916 0.073171 0.034031
1 0.838415 0.273560 0.033537 0.068063
1 0.946646 0.200262 0.060976 0.031414
1 0.592988 0.191099 0.030488 0.049738
1 0.167683 0.560209 0.051829 0.026178
1 0.123476 0.501309 0.054878 0.023560
1 0.045732 0.513089 0.030488 0.041885
1 0.428354 0.200262 0.064024 0.028796
1 0.339939 0.324607 0.076220 0.028796
1 0.320122 0.276178 0.039634 0.065445
1 0.083841 0.188482 0.033537 0.044503
1 0.033537 0.633508 0.067073 0.104712