1 0.931250 0.056250 0.043750 0.021875
1 0.885156 0.067969 0.021875 0.046875
1 0.918750 0.105469 0.043750 0.021875
1 0.886719 0.193750 0.026562 0.059375
1 0.932031 0.217188 0.042187 0.020313
1 0.935156 0.525000 0.021875 0.045312
1 0.857031 0.680469 0.025000 0.057813
1 0.856250 0.745312 0.026562 0.060937
1 0.593750 0.491406 0.042187 0.020313
1 0.591406 0.385937 0.060937 0.026562
1 0.624219 0.356250 0.054688 0.025000
4 0.919531 0.147656 0.051562 0.043750
0 0.882031 0.247656 0.040625 0.020313
0 0.932813 0.375000 0.021875 0.045312
3 0.931250 0.288281 0.050000 0.104688
3 0.833594 0.369531 0.143750 0.129688
3 0.608594 0.692187 0.140625 0.104688
2 0.673438 0.319531 0.071875 0.039062
2 0.647656 0.110156 0.079687 0.126562
1 0.492188 0.043750 0.040625 0.018750
1 0.445312 0.057031 0.020313 0.042188
1 0.478906 0.094531 0.042187 0.020313
1 0.445312 0.182812 0.021875 0.059375
1 0.493750 0.205469 0.043750 0.018750
4 0.479687 0.134375 0.054688 0.042188
0 0.439844 0.232813 0.035937 0.017188
0 0.493750 0.360938 0.018750 0.040625
3 0.491406 0.278125 0.053125 0.103125
3 0.391406 0.359375 0.142187 0.128125
1 0.494531 0.512500 0.017188 0.039062
1 0.415625 0.665625 0.021875 0.053125
1 0.414844 0.732812 0.020313 0.056250
3 0.161719 0.682031 0.148438 0.104688
1 0.144531 0.479687 0.037500 0.018750
1 0.142969 0.374219 0.051562 0.023438
1 0.178906 0.343750 0.050000 0.023438
2 0.231250 0.307813 0.073438 0.037500
2 0.201563 0.098438 0.075000 0.126562
1 0.476562 0.967187 0.040625 0.020313
1 0.428125 0.981250 0.020313 0.042188
1 0.918750 0.976562 0.040625 0.021875
1 0.871094 0.989062 0.020313 0.045312