1 0.557031 0.960000 0.045312 0.080000
1 0.607031 0.945714 0.048438 0.108571
1 0.632812 0.640000 0.056250 0.234286
1 0.682813 0.668571 0.045312 0.148571
4 0.632031 0.848571 0.067187 0.240000
0 0.660937 0.471429 0.045312 0.148571
0 0.776563 0.202857 0.043750 0.182857
3 0.724219 0.457143 0.101562 0.417143
3 0.692969 0.005714 0.192188 0.691429
2 0.389844 0.374286 0.139063 0.548571
1 0.225781 0.237143 0.043750 0.142857
1 0.195312 0.097143 0.040625 0.165714
1 0.244531 0.057143 0.045312 0.148571
1 0.928906 0.028571 0.046875 0.154286
1 0.865625 0.342857 0.065625 0.211429
1 0.878906 0.511429 0.071875 0.234286
2 0.894531 0.720000 0.084375 0.280000