1 0.308824 0.056250 0.102941 0.021875
1 0.200368 0.067969 0.051471 0.046875
1 0.279412 0.105469 0.102941 0.021875
1 0.204044 0.193750 0.062500 0.059375
1 0.310662 0.217188 0.099265 0.020313
1 0.318015 0.525000 0.051471 0.045312
1 0.134191 0.680469 0.058824 0.057813
1 0.132353 0.745312 0.062500 0.060937
4 0.281250 0.147656 0.121324 0.043750
0 0.193015 0.247656 0.095588 0.020313
0 0.312500 0.375000 0.051471 0.045312
3 0.308824 0.288281 0.117647 0.104688
3 0.079044 0.369531 0.338235 0.129688
1 0.279412 0.976562 0.095588 0.021875
1 0.167279 0.989062 0.047794 0.045312
3 0.573529 0.701563 0.323529 0.104688
1 0.536765 0.503125 0.095588 0.023438
1 0.534926 0.396875 0.147059 0.026562
1 0.623162 0.367188 0.158088 0.029687
2 0.731618 0.330469 0.172794 0.042188
2 0.669118 0.119531 0.183824 0.129688