1 0.446875 0.021875 0.050000 0.043750
1 0.497656 0.021875 0.045312 0.043750
1 0.541406 0.103125 0.062500 0.059375
1 0.589063 0.085156 0.043750 0.045312
1 0.819531 0.289062 0.048438 0.046875
1 0.882812 0.451562 0.059375 0.057813
1 0.930469 0.495312 0.062500 0.060937
1 0.566406 0.520312 0.043750 0.045312
1 0.486719 0.451562 0.060937 0.062500
1 0.485938 0.407031 0.054688 0.057813
4 0.528906 0.048438 0.067187 0.067187
0 0.578125 0.142969 0.042187 0.043750
0 0.707031 0.190625 0.048438 0.046875
3 0.641406 0.133594 0.110937 0.107813
3 0.635938 0.260156 0.192188 0.193750
3 0.725781 0.643750 0.171875 0.175000
2 0.492188 0.346094 0.076563 0.079688
2 0.318750 0.225000 0.146875 0.143750
1 0.165625 0.296094 0.040625 0.042188
1 0.144531 0.339844 0.045312 0.043750
1 0.194531 0.339844 0.043750 0.045312
1 0.237500 0.424219 0.059375 0.056250
1 0.286719 0.403125 0.043750 0.045312
4 0.225000 0.366406 0.067187 0.068750
0 0.271094 0.461719 0.037500 0.037500
0 0.402344 0.507031 0.042187 0.040625
3 0.339062 0.453906 0.112500 0.107813
3 0.332813 0.582031 0.190625 0.190625
1 0.516406 0.608594 0.040625 0.039062
1 0.576562 0.769531 0.054688 0.051562
1 0.625781 0.814844 0.054688 0.053125
3 0.418750 0.968750 0.176563 0.179688
1 0.257031 0.846094 0.039062 0.040625
1 0.177344 0.776563 0.051562 0.054688
1 0.178906 0.729688 0.051562 0.053125
2 0.186719 0.667188 0.076563 0.079688
2 0.041406 0.548438 0.082813 0.140625
1 0.841406 0.925781 0.042187 0.043750
1 0.819531 0.971094 0.045312 0.043750
1 0.869531 0.970313 0.043750 0.046875
4 0.900000 0.997656 0.064062 0.065625
2 0.995313 0.850781 0.139063 0.134375
1 0.865625 0.205469 0.045312 0.045312
1 0.785937 0.135156 0.060937 0.064062
1 0.789062 0.087500 0.067187 0.070312
2 0.792187 0.034375 0.081250 0.068750