1 0.293750 0.056250 0.043750 0.021875
1 0.339844 0.067969 0.021875 0.046875
1 0.306250 0.105469 0.043750 0.021875
1 0.338281 0.193750 0.026562 0.059375
1 0.292969 0.217188 0.042187 0.020313
1 0.289844 0.525000 0.021875 0.045312
1 0.367969 0.680469 0.025000 0.057813
1 0.368750 0.745312 0.026562 0.060937
1 0.631250 0.491406 0.042187 0.020313
1 0.633594 0.385937 0.060937 0.026562
1 0.600781 0.356250 0.054688 0.025000
4 0.305469 0.147656 0.051562 0.043750
0 0.342969 0.247656 0.040625 0.020313
0 0.292187 0.375000 0.021875 0.045312
3 0.293750 0.288281 0.050000 0.104688
3 0.391406 0.369531 0.143750 0.129688
3 0.616406 0.692187 0.140625 0.104688
2 0.551562 0.319531 0.071875 0.039062
2 0.577344 0.110156 0.079687 0.126562
1 0.732812 0.043750 0.040625 0.018750
1 0.779688 0.057031 0.020313 0.042188
1 0.746094 0.094531 0.042187 0.020313
1 0.779688 0.182812 0.021875 0.059375
1 0.731250 0.205469 0.043750 0.018750
4 0.745313 0.134375 0.054688 0.042188
0 0.785156 0.232813 0.035937 0.017188
0 0.731250 0.360938 0.018750 0.040625
3 0.733594 0.278125 0.053125 0.103125
3 0.833594 0.359375 0.142187 0.128125
1 0.730469 0.512500 0.017188 0.039062
1 0.809375 0.665625 0.021875 0.053125
1 0.810156 0.732812 0.020313 0.056250
2 0.993750 0.307813 0.073438 0.037500
1 0.748437 0.967187 0.040625 0.020313
1 0.796875 0.981250 0.020313 0.042188
1 0.306250 0.976562 0.040625 0.021875
1 0.353906 0.989062 0.020313 0.045312
3 0.181250 0.701563 0.137500 0.104688
1 0.196875 0.503125 0.040625 0.023438
1 0.197656 0.396875 0.062500 0.026562
1 0.160156 0.367188 0.067187 0.029687
2 0.114062 0.330469 0.073438 0.042188
2 0.140625 0.119531 0.078125 0.129688