1 0.955469 0.810937 0.059375 0.026562
1 0.932031 0.856250 0.020313 0.042188
1 0.624219 0.859375 0.045312 0.021875
1 0.468750 0.781250 0.057813 0.025000
1 0.403906 0.780469 0.060937 0.026562
1 0.657813 0.517969 0.020313 0.042188
1 0.763281 0.515625 0.026562 0.060937
1 0.792969 0.548438 0.025000 0.054688
0 0.901563 0.806250 0.020313 0.040625
0 0.774219 0.857031 0.045312 0.021875
3 0.860938 0.855469 0.104688 0.050000
3 0.779688 0.757813 0.129688 0.143750
3 0.457031 0.532813 0.104688 0.140625
2 0.829688 0.597656 0.039062 0.071875
1 0.966406 0.369531 0.059375 0.021875
1 0.943750 0.417969 0.018750 0.043750
0 0.916406 0.364062 0.017188 0.035937
0 0.788281 0.417969 0.040625 0.018750
3 0.871094 0.415625 0.103125 0.053125
3 0.789844 0.315625 0.128125 0.142188
1 0.635938 0.418750 0.039062 0.017188
1 0.483594 0.339844 0.053125 0.021875
1 0.416406 0.339062 0.056250 0.020313
3 0.467187 0.085938 0.104688 0.148438
1 0.669531 0.068750 0.018750 0.037500
1 0.775000 0.067187 0.023438 0.051562
1 0.805469 0.103125 0.023438 0.050000
2 0.841406 0.154688 0.037500 0.073438
2 0.127344 0.107031 0.117188 0.079688
1 0.182031 0.400781 0.020313 0.040625
1 0.167969 0.352344 0.042187 0.020313
1 0.131250 0.386719 0.020313 0.043750
1 0.040625 0.351562 0.056250 0.025000
1 0.017969 0.399219 0.021875 0.042188
4 0.090625 0.386719 0.042187 0.050000
2 0.117969 0.559375 0.121875 0.071875
1 0.172656 0.842969 0.021875 0.040625
1 0.160156 0.795312 0.045312 0.020313
1 0.122656 0.828906 0.023438 0.042188
1 0.035156 0.796094 0.060937 0.025000
1 0.011719 0.842969 0.020313 0.043750
4 0.082813 0.831250 0.042187 0.048438
2 0.110156 0.996094 0.117188 0.073438
3 0.447656 0.967969 0.104688 0.137500
1 0.646094 0.952344 0.023438 0.040625
1 0.752344 0.951562 0.026562 0.062500
1 0.782031 0.989062 0.029687 0.067187