1 0.689338 0.855469 0.051471 0.043750
1 0.661765 0.809375 0.110294 0.021875
1 0.573529 0.843750 0.051471 0.043750
1 0.365809 0.810937 0.139706 0.026562
1 0.310662 0.856250 0.047794 0.042188
4 0.474265 0.843750 0.102941 0.051562
0 0.238971 0.806250 0.047794 0.040625
3 0.143382 0.855469 0.246324 0.050000
2 0.069853 0.597656 0.091912 0.071875
2 0.562500 0.571875 0.297794 0.079688
1 0.718750 0.416406 0.044118 0.040625
1 0.687500 0.369531 0.099265 0.020313
1 0.599265 0.403125 0.047794 0.042188
1 0.391544 0.369531 0.139706 0.021875
1 0.338235 0.417969 0.044118 0.043750
4 0.505515 0.403906 0.099265 0.054688
0 0.273897 0.364062 0.040441 0.035937
3 0.167279 0.415625 0.242647 0.053125
1 0.012868 0.103125 0.055147 0.050000
2 0.097426 0.154688 0.088235 0.073438
2 0.590074 0.125781 0.297794 0.075000