1 0.045956 0.289062 0.113971 0.046875
1 0.194853 0.451562 0.139706 0.057813
1 0.306985 0.495312 0.147059 0.060937
1 0.097426 0.925781 0.099265 0.043750
1 0.045956 0.971094 0.106618 0.043750
1 0.163603 0.970313 0.102941 0.046875
4 0.235294 0.997656 0.150735 0.065625
2 0.459559 0.850781 0.327206 0.134375
1 0.810662 0.603125 0.102941 0.045312
1 0.757353 0.646875 0.110294 0.045312
1 0.875000 0.647656 0.106618 0.046875
1 0.950368 0.729688 0.099265 0.059375
4 0.935662 0.672656 0.128676 0.064062
3 0.525735 0.326562 0.400735 0.171875
1 0.154412 0.205469 0.106618 0.045312