1 0.632031 0.050086 0.070312 0.081174
1 0.682031 0.034542 0.054688 0.058722
1 0.886719 0.287565 0.053125 0.062176
1 0.932031 0.470639 0.071875 0.082902
1 0.978125 0.530225 0.065625 0.075993
1 0.612500 0.509499 0.053125 0.056995
1 0.540625 0.424870 0.068750 0.072539
1 0.548438 0.372193 0.068750 0.072539
1 0.245312 0.214162 0.053125 0.055268
1 0.218750 0.255613 0.053125 0.060449
1 0.267969 0.262522 0.054688 0.056995
1 0.353125 0.345423 0.053125 0.056995
1 0.556250 0.601036 0.056250 0.063903
1 0.600000 0.784111 0.075000 0.086356
1 0.644531 0.846287 0.068750 0.079447
1 0.279687 0.824698 0.053125 0.055268
1 0.210156 0.736615 0.062500 0.067358
1 0.216406 0.683938 0.071875 0.074266
4 0.625000 0.010363 0.068750 0.020725
4 0.296094 0.294473 0.075000 0.081174
0 0.663281 0.095855 0.053125 0.056995
0 0.785156 0.162349 0.054688 0.062176
0 0.333594 0.405872 0.054688 0.058722
0 0.456250 0.474093 0.053125 0.060449
3 0.728906 0.094128 0.110937 0.127807
3 0.710156 0.237478 0.192188 0.208981
3 0.759375 0.667530 0.178125 0.193437
3 0.398438 0.404145 0.112500 0.129534
3 0.380469 0.550086 0.195312 0.214162
3 0.424219 0.942142 0.185938 0.115717
2 0.070312 0.463731 0.140625 0.164076
2 0.228125 0.620035 0.090625 0.094991
1 0.302344 0.361831 0.067188 0.079447
2 0.404687 0.151123 0.146875 0.167530
2 0.559375 0.306563 0.090625 0.094991