1 0.971094 0.740069 0.040625 0.062176
1 0.989844 0.689983 0.054688 0.044905
1 0.928906 0.607081 0.053125 0.084629
1 0.965625 0.567358 0.054688 0.048359
1 0.864062 0.246978 0.042188 0.063903
1 0.741406 0.113990 0.054688 0.086356
1 0.716406 0.040587 0.050000 0.079447
1 0.556250 0.404145 0.053125 0.044905
1 0.588281 0.514680 0.071875 0.055268
1 0.633594 0.532815 0.071875 0.055268
1 0.612500 0.902418 0.054688 0.044905
1 0.566406 0.907599 0.043750 0.060449
1 0.584375 0.856649 0.054688 0.046632
1 0.560156 0.734888 0.053125 0.046632
1 0.456250 0.414508 0.045312 0.065630
1 0.332813 0.283247 0.057813 0.088083
1 0.305469 0.209845 0.053125 0.082902
1 0.145313 0.572539 0.054688 0.044905
1 0.182031 0.683074 0.064062 0.053541
1 0.225781 0.702073 0.073438 0.058722
4 0.978906 0.646805 0.062500 0.067358
4 0.573438 0.814335 0.068750 0.070812
0 0.907813 0.555268 0.053125 0.046632
0 0.914844 0.405872 0.043750 0.062176
0 0.503125 0.723661 0.054688 0.048359
0 0.508594 0.572539 0.043750 0.060449
3 0.941406 0.493092 0.087500 0.131261
3 0.818750 0.441278 0.178125 0.186528
3 0.502344 0.185665 0.171875 0.164076
3 0.535938 0.662349 0.087500 0.132988
3 0.411719 0.608808 0.182813 0.189983
3 0.089063 0.354922 0.178125 0.170984
2 0.328906 0.934370 0.117188 0.131261
2 0.282812 0.721934 0.090625 0.077720
1 0.523438 0.775475 0.053125 0.081174
2 0.738281 0.778929 0.118750 0.167530
2 0.691406 0.553541 0.090625 0.077720