1 0.121094 0.088946 0.043750 0.027634
1 0.166406 0.102763 0.025000 0.055268
1 0.133594 0.143351 0.048438 0.027634
1 0.164844 0.243523 0.031250 0.077720
1 0.117969 0.267703 0.048438 0.031088
1 0.114062 0.607081 0.025000 0.058722
1 0.188281 0.778066 0.032813 0.079447
1 0.189062 0.856649 0.029687 0.072539
1 0.452344 0.575993 0.046875 0.029361
1 0.456250 0.459413 0.065625 0.032815
1 0.419531 0.425734 0.065625 0.032815
1 0.553906 0.086356 0.048438 0.027634
1 0.598437 0.098446 0.028125 0.053541
1 0.565625 0.139896 0.048438 0.029361
1 0.550781 0.263385 0.046875 0.031088
1 0.549219 0.603627 0.028125 0.058722
1 0.625000 0.773748 0.035937 0.079447
1 0.628125 0.853195 0.032813 0.074266
1 0.890625 0.572539 0.048438 0.027634
1 0.890625 0.455095 0.057813 0.032815
1 0.854688 0.420553 0.067188 0.034542
4 0.130469 0.188256 0.050000 0.051813
4 0.563281 0.183938 0.056250 0.053541
0 0.168750 0.300518 0.046875 0.031088
0 0.115625 0.438687 0.028125 0.055268
0 0.601563 0.295337 0.048438 0.031088
0 0.549219 0.435233 0.028125 0.053541
3 0.117969 0.346287 0.053125 0.119171
3 0.217188 0.441278 0.143750 0.139896
3 0.435156 0.801382 0.145313 0.115717
3 0.551562 0.341105 0.054688 0.119171
3 0.651563 0.437824 0.146875 0.143351
3 0.875781 0.798791 0.151562 0.120898
2 0.835156 0.147668 0.078125 0.141623
2 0.807813 0.380829 0.079687 0.050086
1 0.598437 0.239206 0.031250 0.074266
2 0.396875 0.154577 0.078125 0.146805
2 0.371875 0.384283 0.079687 0.050086