1 0.146094 0.061313 0.025000 0.048359
1 0.158594 0.111399 0.050000 0.027634
1 0.195312 0.075130 0.025000 0.053541
1 0.285938 0.109672 0.070312 0.034542
1 0.307812 0.057858 0.028125 0.053541
1 0.614844 0.053541 0.053125 0.027634
1 0.769531 0.135579 0.071875 0.036269
1 0.840625 0.136442 0.065625 0.032815
1 0.586719 0.427461 0.026562 0.051813
1 0.481250 0.431779 0.029687 0.072539
1 0.450781 0.391192 0.029687 0.072539
1 0.143750 0.539724 0.025000 0.053541
1 0.154688 0.588946 0.048438 0.031088
1 0.192188 0.552677 0.026562 0.053541
1 0.303906 0.536269 0.028125 0.051813
1 0.611719 0.534542 0.053125 0.031088
1 0.765625 0.618307 0.071875 0.039724
1 0.837500 0.621762 0.067188 0.036269
1 0.583594 0.911917 0.025000 0.053541
1 0.477344 0.911917 0.029687 0.063903
1 0.446094 0.872193 0.031250 0.074266
4 0.235937 0.071675 0.046875 0.055268
4 0.232031 0.550086 0.048438 0.062176
0 0.337500 0.113990 0.028125 0.051813
0 0.462500 0.055268 0.050000 0.031088
0 0.332813 0.592401 0.028125 0.053541
0 0.459375 0.534542 0.048438 0.031088
3 0.378906 0.057858 0.107813 0.058722
3 0.464844 0.167530 0.126562 0.158895
3 0.790625 0.408463 0.104688 0.160622
3 0.374219 0.537133 0.107813 0.060449
3 0.461719 0.647668 0.129688 0.162349
3 0.788281 0.895509 0.109375 0.167530
2 0.199219 0.850604 0.128125 0.086356
2 0.410156 0.820380 0.045312 0.088083
1 0.282031 0.588946 0.067188 0.034542
2 0.205469 0.366149 0.132812 0.086356
2 0.413281 0.338515 0.045312 0.088083